SampleNumber	0	13	14	15	16	17	18	19	20	21	22	23	24
SampleName	None	Sample_14dM2_2	Sample_14dM3_2	Sample_14dM5_2	Sample_14dF1_2	Sample_14dF3_2	Sample_14dF5_2	Sample_12wM1_2	Sample_12wM4_2	Sample_12wM5_2	Sample_12wF1_2	Sample_12wF4_2	Sample_12wF5_2
L3T1101	0.7241926	9.374968	8.84761	7.636264	7.847405	7.530447	8.398725	8.144348	7.927851	7.615862	7.681157	8.901628	9.369542
L3T1102	0.6458799	9.423275	8.807908	7.640474	7.894375	7.546346	8.413234	8.149151	7.937345	7.637185	7.674941	8.916557	9.31333
L3T1103	0.6408655	9.393573	8.779377	7.637467	7.852396	7.55186	8.409264	8.156711	7.943043	7.678591	7.69252	8.916083	9.34825
L3T1104	0.636762	9.447226	8.776982	7.647854	7.860815	7.542608	8.395599	8.153258	7.951771	7.656233	7.687317	8.906427	9.337147
L3T1105	0.630043	9.428687	8.80731	7.642823	7.871377	7.542701	8.409377	8.110116	7.915086	7.643065	7.700341	8.936329	9.362745
L3T1106	0.6162842	9.417793	8.776675	7.632142	7.824014	7.566742	8.456923	8.128584	7.947806	7.683802	7.702488	8.894903	9.351844
L3T1107	0.614756	9.471009	8.786515	7.670702	7.836644	7.593917	8.459683	8.081811	7.976533	7.680704	7.633753	8.852541	9.341432
L3T1108	0.6099177	9.460169	8.77373	7.669358	7.857455	7.607841	8.474227	8.058033	7.933226	7.691523	7.633758	8.89615	9.334611
L3T1109	0.6206702	9.499024	8.764278	7.701844	7.859915	7.578242	8.476512	8.086216	7.942047	7.691005	7.615168	8.865832	9.299248
L3T1110	0.616339	9.502456	8.754296	7.656193	7.868441	7.612363	8.480467	8.028631	7.984071	7.685225	7.644581	8.852374	9.314562
L3T1111	0.6139749	9.515415	8.71344	7.716291	7.81951	7.623551	8.471537	8.057974	7.985963	7.69255	7.674015	8.843609	9.27217
L3T1112	0.6161161	9.527196	8.724057	7.712492	7.86493	7.642866	8.480981	7.982684	7.963232	7.70866	7.614353	8.82947	9.332963
L3T1113	0.6147808	9.558933	8.706644	7.697762	7.820408	7.632288	8.52983	8.005588	7.991796	7.706063	7.59104	8.830841	9.314028
L3T1114	0.6107864	9.583944	8.705963	7.71358	7.853963	7.664164	8.483381	8.004113	7.989575	7.682764	7.597857	8.77717	9.332738
L3T1115	0.6229834	9.533033	8.702378	7.681537	7.854366	7.70796	8.47009	8.017419	8.011515	7.671697	7.569652	8.818619	9.33875
L3T1116	0.6089499	9.536439	8.70573	7.704922	7.895299	7.686093	8.446251	7.986127	8.005438	7.630927	7.612839	8.841875	9.339109
L3T1201	0.7558438	9.281807	8.89479	7.640709	7.92344	7.547573	8.281688	8.201275	7.922546	7.534743	7.696891	8.96977	9.348925
L3T1202	0.6986626	9.338517	8.899193	7.641664	7.912156	7.527575	8.304174	8.206338	7.919345	7.560683	7.697292	8.961301	9.3331
L3T1203	0.6797935	9.300136	8.873513	7.654244	7.938295	7.525405	8.327876	8.201642	7.940831	7.571039	7.698047	8.970415	9.318763
L3T1204	0.6745796	9.317874	8.918288	7.65378	7.883853	7.580491	8.291855	8.183955	7.920814	7.555663	7.707011	8.955845	9.355992
L3T1205	0.6473415	9.307044	8.900885	7.63375	7.921489	7.539308	8.316587	8.178353	7.942527	7.605747	7.684367	8.964943	9.357661
L3T1206	0.6332131	9.337073	8.911508	7.626885	7.916963	7.54861	8.317031	8.158701	7.942565	7.599466	7.699186	8.938787	9.370011
L3T1207	0.6119139	9.373511	8.883163	7.654	7.901772	7.570958	8.36063	8.186718	7.940054	7.553706	7.661691	8.964056	9.337828
L3T1208	0.615847	9.365669	8.88436	7.671465	7.906469	7.597947	8.359734	8.142878	7.94054	7.585825	7.670129	8.916821	9.342316
L3T1209	0.6103571	9.442727	8.875761	7.680612	7.900181	7.594714	8.369569	8.133194	7.907922	7.604254	7.652704	8.916435	9.31157
L3T1210	0.615733	9.441863	8.847602	7.672203	7.872894	7.62385	8.390986	8.120436	7.936675	7.626655	7.655339	8.901365	9.2944
L3T1211	0.6100544	9.45693	8.832784	7.696142	7.880693	7.633616	8.427562	8.098697	7.964556	7.605892	7.619556	8.879604	9.293913
L3T1212	0.6255243	9.502296	8.787565	7.697056	7.881089	7.626311	8.425837	8.066201	7.96278	7.637225	7.598602	8.886215	9.303297
L3T1213	0.5986269	9.548718	8.785078	7.694866	7.885898	7.66813	8.403208	8.060172	7.974323	7.638622	7.615864	8.841973	9.28452
L3T1214	0.605102	9.525955	8.778493	7.702172	7.885619	7.679013	8.409975	8.050617	7.962076	7.612624	7.635685	8.874147	9.278522
L3T1215	0.6024823	9.498372	8.789119	7.658953	7.887962	7.713768	8.439496	8.038859	7.984693	7.63845	7.612228	8.846468	9.289151
L3T1216	0.603691	9.492994	8.753438	7.69136	7.86167	7.680819	8.41551	8.054846	8.000551	7.610016	7.632654	8.848404	9.354048
L3T1301	0.735837	9.317684	8.926106	7.643568	7.900979	7.533808	8.239652	8.225847	7.924141	7.525482	7.664452	8.979545	9.3829
L3T1302	0.6978278	9.311454	8.900714	7.648655	7.913649	7.52888	8.28242	8.20634	7.926194	7.55263	7.688334	8.95558	9.387322
L3T1303	0.6633749	9.336744	8.876721	7.641983	7.899391	7.533976	8.305077	8.217801	7.930787	7.589435	7.672151	8.960174	9.372384
L3T1304	0.6674315	9.305566	8.912726	7.645115	7.943007	7.592583	8.330127	8.166531	7.935298	7.534853	7.656068	8.925876	9.384818
L3T1305	0.6511797	9.338796	8.880236	7.664329	7.934635	7.539866	8.345897	8.172612	7.914468	7.590074	7.680164	8.942607	9.345137
L3T1306	0.6369266	9.35157	8.895105	7.667885	7.921986	7.567617	8.304708	8.155669	7.932299	7.60442	7.686131	8.956397	9.319286
L3T1307	0.6169676	9.381884	8.883677	7.651724	7.905303	7.568496	8.366918	8.1473	7.929732	7.618925	7.663511	8.93356	9.332002
L3T1308	0.6197871	9.389955	8.899034	7.669626	7.888038	7.577589	8.350379	8.13843	7.931363	7.62014	7.654477	8.900582	9.3606
L3T1309	0.6153913	9.392475	8.872972	7.685138	7.902007	7.601332	8.358647	8.119905	7.941504	7.609828	7.645575	8.897699	9.357525
L3T1310	0.6191123	9.452517	8.887749	7.669493	7.895952	7.612779	8.398348	8.08843	7.932961	7.620576	7.616398	8.869623	9.336063
L3T1311	0.6196981	9.502495	8.841883	7.684413	7.886041	7.635584	8.403339	8.078086	7.929931	7.626067	7.621685	8.847868	9.322911
L3T1312	0.6174434	9.484878	8.81455	7.679396	7.896489	7.652372	8.41265	8.092531	7.945015	7.589963	7.61831	8.860364	9.336038
L3T1313	0.6116229	9.5256	8.803327	7.678522	7.873219	7.644113	8.445035	8.068975	7.95945	7.59878	7.601158	8.851359	9.338839
L3T1314	0.6118366	9.50198	8.794203	7.717801	7.887761	7.645157	8.431146	8.037976	7.978421	7.626692	7.598019	8.846845	9.322164
L3T1315	0.6154554	9.493964	8.780653	7.68531	7.893645	7.665188	8.397339	8.075065	7.931262	7.599247	7.62033	8.869601	9.372942
L3T1316	0.6050848	9.485075	8.762753	7.684904	7.882502	7.670109	8.399138	8.03963	7.990752	7.620172	7.629094	8.871453	9.359334
L3T2101	0.7266435	9.31654	8.863511	7.653155	7.907721	7.504066	8.351012	8.165009	7.938943	7.621253	7.682478	8.939201	9.330468
L3T2102	0.645536	9.362143	8.845144	7.670458	7.873972	7.534045	8.368984	8.131081	7.9518	7.63892	7.710405	8.919266	9.348246
L3T2103	0.6476435	9.391843	8.841771	7.636238	7.878816	7.518698	8.396483	8.157494	7.95258	7.636949	7.651233	8.942789	9.347464
L3T2104	0.6427062	9.390809	8.838834	7.651176	7.890161	7.538388	8.346217	8.172201	7.934803	7.613733	7.712792	8.918449	9.349731
L3T2105	0.6292988	9.3828	8.836522	7.640964	7.898878	7.5486	8.371476	8.14415	7.944498	7.66049	7.692343	8.910308	9.339673
L3T2106	0.6173586	9.388208	8.849623	7.656548	7.927868	7.549173	8.369777	8.139295	7.932833	7.637912	7.662107	8.937837	9.331461
L3T2107	0.6103715	9.402593	8.853238	7.649531	7.902183	7.558058	8.359336	8.140929	7.924121	7.630791	7.664376	8.929865	9.374606
L3T2108	0.6086562	9.39799	8.820957	7.69389	7.885912	7.606959	8.369488	8.116394	7.920712	7.673004	7.657675	8.909269	9.339092
L3T2109	0.6076366	9.425395	8.863904	7.665635	7.885734	7.598852	8.426038	8.136036	7.926051	7.615925	7.635397	8.910221	9.303175
L3T2110	0.6187048	9.43828	8.823046	7.649548	7.883534	7.613297	8.411575	8.105794	7.919617	7.668079	7.645876	8.881972	9.340677
L3T2111	0.6033998	9.413824	8.820087	7.663568	7.88125	7.622217	8.441533	8.127655	7.942526	7.634512	7.611055	8.892159	9.346216
L3T2112	0.6185228	9.465319	8.808321	7.66561	7.934674	7.641802	8.375487	8.098807	7.931263	7.609552	7.622432	8.890901	9.33731
L3T2113	0.6008158	9.434003	8.848586	7.703234	7.920569	7.657232	8.358753	8.095547	7.917089	7.624726	7.607684	8.880108	9.351652
L3T2114	0.6104298	9.429858	8.88712	7.660968	7.934607	7.617452	8.371399	8.132127	7.950452	7.572662	7.638883	8.855496	9.338547
L3T2115	0.6330546	9.363902	8.902359	7.693245	7.922802	7.644392	8.35588	8.146318	7.917122	7.559752	7.615401	8.876619	9.369155
L3T2116	0.6025077	9.355334	8.896859	7.675757	7.955828	7.650233	8.34281	8.139244	7.935186	7.544403	7.643811	8.896696	9.36133
L3T2201	0.7902195	9.303405	8.902936	7.615602	7.926546	7.511618	8.260762	8.212492	7.919532	7.530105	7.690775	8.981095	9.354912
L3T2202	0.734517	9.279856	8.933644	7.641406	7.932913	7.532069	8.254763	8.194148	7.918046	7.52691	7.744546	8.982581	9.324601
L3T2203	0.7138139	9.273715	8.904028	7.646295	7.918503	7.537831	8.271375	8.198639	7.926964	7.55198	7.713662	8.995108	9.348086
L3T2204	0.7107939	9.296814	8.899375	7.635686	7.938237	7.523796	8.286409	8.17459	7.957328	7.533112	7.685237	9.016789	9.341832
L3T2205	0.6862082	9.311696	8.910477	7.626319	7.93152	7.567444	8.286388	8.1764	7.911131	7.557532	7.690096	8.988082	9.356708
L3T2206	0.6606735	9.324772	8.914678	7.639198	7.901877	7.564347	8.307609	8.189425	7.906028	7.579648	7.69931	8.968494	9.343941
L3T2207	0.6396362	9.347088	8.889432	7.667437	7.929437	7.544442	8.321235	8.19095	7.922356	7.551662	7.69468	8.964604	9.337042
L3T2208	0.6317196	9.351108	8.892085	7.643898	7.906895	7.614953	8.328966	8.153738	7.960832	7.579492	7.678735	8.921861	9.335717
L3T2209	0.6177859	9.381384	8.87499	7.646685	7.89971	7.566397	8.335322	8.167581	7.950515	7.599325	7.683954	8.924382	9.351969
L3T2210	0.6206342	9.390171	8.868691	7.628198	7.906592	7.623548	8.378882	8.126801	7.91771	7.62247	7.667213	8.937927	9.311164
L3T2211	0.6158552	9.41446	8.876747	7.673601	7.890056	7.627832	8.365695	8.127157	7.93606	7.599735	7.650984	8.906615	9.315203
L3T2212	0.6101891	9.42425	8.873614	7.676433	7.904244	7.654898	8.407025	8.103941	7.940069	7.631635	7.608372	8.878566	9.286766
L3T2213	0.6040778	9.45813	8.839331	7.667034	7.896644	7.651784	8.400754	8.105016	7.941137	7.619796	7.63144	8.882203	9.302653
L3T2214	0.5978414	9.442182	8.844769	7.680961	7.88134	7.674039	8.401489	8.091476	7.942683	7.617475	7.623408	8.893389	9.308947
L3T2215	0.6220926	9.411253	8.813799	7.694585	7.88618	7.659334	8.395621	8.115456	7.949618	7.600035	7.618006	8.904636	9.329384
L3T2216	0.6006016	9.37788	8.866401	7.664542	7.932828	7.641319	8.361548	8.145811	7.959529	7.57378	7.623409	8.909503	9.342848
L3T2301	0.7549443	9.285825	8.940409	7.631514	7.904592	7.497506	8.305644	8.21621	7.921617	7.516578	7.682947	8.981104	9.361108
L3T2302	0.7102199	9.307198	8.937392	7.618366	7.920433	7.525085	8.266197	8.223569	7.919362	7.519021	7.679792	8.984015	9.38935
L3T2303	0.6896464	9.308113	8.894815	7.629961	7.92282	7.536365	8.301073	8.1839	7.928252	7.58714	7.653892	8.963805	9.400218
L3T2304	0.6944662	9.327526	8.913362	7.621726	7.921579	7.520308	8.285474	8.191101	7.939862	7.572479	7.681718	8.977475	9.352925
L3T2305	0.672691	9.347421	8.894365	7.649611	7.892256	7.527588	8.278705	8.182671	7.924138	7.589634	7.701451	8.968232	9.371236
L3T2306	0.6519136	9.348543	8.90671	7.656466	7.894454	7.577764	8.299252	8.165504	7.906508	7.592989	7.665106	8.97078	9.364011
L3T2307	0.6358015	9.329939	8.87931	7.671125	7.89307	7.57059	8.324449	8.183616	7.927077	7.600035	7.670399	8.948949	9.36564
L3T2308	0.6234068	9.345609	8.929663	7.663642	7.911667	7.588177	8.330342	8.143146	7.92644	7.595717	7.638089	8.931301	9.372799
L3T2309	0.6211399	9.389191	8.880149	7.648979	7.913652	7.569436	8.3846	8.137513	7.939461	7.632298	7.633339	8.906865	9.343378
L3T2310	0.6165633	9.422797	8.86897	7.697879	7.887219	7.59413	8.371748	8.138029	7.910808	7.620218	7.656166	8.896656	9.318815
L3T2311	0.6168343	9.415783	8.856824	7.69422	7.903195	7.618868	8.374403	8.112698	7.938778	7.634235	7.603171	8.912818	9.318171
L3T2312	0.6246155	9.447425	8.839847	7.672862	7.887194	7.618903	8.441826	8.090766	7.957046	7.603043	7.648336	8.862968	9.305169
L3T2313	0.6124324	9.453458	8.82371	7.675737	7.867642	7.640389	8.390562	8.100178	7.93886	7.635465	7.645835	8.852895	9.362837
L3T2314	0.6042262	9.46621	8.851578	7.696906	7.893063	7.614501	8.390571	8.08533	7.945968	7.586168	7.658232	8.90257	9.304675
L3T2315	0.6237712	9.455972	8.801705	7.698661	7.893543	7.653599	8.366165	8.088944	7.945484	7.598804	7.633549	8.887061	9.35274
L3T2316	0.6007363	9.419602	8.819613	7.693894	7.905629	7.671935	8.374673	8.10661	7.922585	7.574384	7.650625	8.898356	9.361358

### Most Popular Unknown Index Sequences
### Columns: Index_Sequence Hit_Count
NNNNNN	213204
CCCGTC	51682
GTCCCG	48126
CCGATG	44849
CGTCCC	44041
CAGTCA	40033
GATGTA	32201
CCAGAT	31547
CCTTGT	28320
CTGACC	27823
CGTCCG	26474
CGCCAA	24232
AGATCA	23973
GTCGCA	21222
GACCAA	20343
TTGTAA	20326
ACCAGT	20297
AGTGAT	19815
GCCCAA	19428
CATGTC	17695
CACAGT	17690
GCAATA	17300
GCCATA	17269
CTGTAA	15439
CAGTGA	15329
CGTGAA	14218
GTCAAC	13876
CGAGTA	12081
GTTCCG	11164
AAGTTC	9889
CTTTGT	9203
ACAAGT	9123
AGTAAC	8698
AATGTC	8414
CGAATG	8373
CAAGAT	8196
AAGTGA	7762
TGTCAG	7597
AACAGT	7352
TGCCAA	7027
CAGAAT	6177
CCTCCC	6159
AGCAAC	6104
CTTTTT	6063
AGGTTC	6030
GGTGAA	5942
ATCAAC	5558
AGTCCG	5219
ATGTAG	5016
GCCGCA	5012
CAGACA	4990
GTTTCG	4958
NNGAAA	4394
CCCTTC	4350
NNATGT	4325
TTGACC	4279
NNACCA	4138
NNCCGC	4137
CGGATG	4124
NNTGTA	3931
CCGGTC	3889
NNTCAA	3840
CAATAT	3771
NNGTCC	3752
GTCCCA	3752
NNTTCC	3678
NNAGTG	3665
NNCAAT	3628
AAAAAA	3582
NNGTCA	3549
NNGATC	3527
ATTGTC	3495
CGATTG	3438
GTTGAA	3404
GTCAGA	3290
NNNTCN	3260
CTTGGT	3256
TGACAT	3252
AGTGAG	3183
CAGGAT	3122
CGATTA	3121
TGAACC	2970
GCCATC	2861
GGTCCG	2741
TAGCTT	2651
CTTATC	2621
ATTTTT	2593
ACAGGT	2573
TGTAAT	2549
TTACCC	2540
CTTTAA	2537
CCAATA	2529
NNNAAN	2483
NNGTCN	2390
CAATCA	2331
ACTTGA	2321
CCTTTT	2309
CGATCA	2289
GTGATC	2281
NNNGTN	2249
TGGACC	2246
GGCCCC	2237
ATTCCG	2089
NNNTNN	2071
ATGGTC	2056
GTTCCC	2011
CTTGAT	1975
ATTTTA	1959
TCCGCA	1931
TACCAA	1892
ACGTGA	1827
CCAAAA	1804
AGTACA	1801
CAATCT	1749
GATCAT	1733
NNNCNN	1713
GTTTAA	1707
TGATCT	1706
TCCCCC	1694
NNNANN	1660
GGTCCC	1654
TGCAAT	1603
CCCCCC	1564
GCTATC	1543
NNNTCC	1525
TTGACA	1518
CTTTTC	1474
GCGCAC	1468
TTCCCC	1454
NNGAAN	1452
AGTGTG	1436
NNATGN	1432
ATTTTC	1429
GAATAT	1425
GGAAAC	1419
NNCCGN	1417
NNNTGN	1402
GTGACC	1385
NNACCN	1370
GGCCAA	1368
GTAAAC	1353
CNNTGT	1345
TTCCGT	1272
NNTTCN	1272
TAAAAT	1268
NNNNCA	1268
NNNNAA	1267
NNCAAN	1267
NNTGTN	1264
AAAAAT	1252
GNNAAA	1249
NNNCCN	1238
GNNCGC	1219
TTTTTA	1216
NNTCAN	1216
CAAAAA	1216
NNGATN	1198
ATCACG	1198
GACCCA	1189
NNNNCC	1187
CNNGTA	1185
TNNCCA	1169
ATTCAG	1167
NNNCGN	1166
NNAGTN	1165
AGAACA	1136
GCATCT	1125
CCAAAT	1120
TTTTAA	1114
GTATCT	1112
GTTTCC	1104
NNNCAN	1099
GTCCAT	1094
ANNTCC	1092
NNNGNN	1087
CATCAT	1083
NNNATN	1060
CNNATC	1056
TAAAAA	1052
ANNGTG	1052
ANNCAA	1040
GNNAAT	1025
AACAAT	1024
NNNTGT	1020
TCAAAT	1014
ACTGAG	1012
CGGTAT	1011
ANNTCA	1010
CTGATA	1001
GATCTC	996
ATTAAA	995
TAGCTC	993
CCGATT	988
NNNAAA	976
CAGCAT	976
CNNTCC	973
ACAGGA	973
GTCCAA	964
CGTAAT	962
ACAAAA	962
ATCTCG	959
TCAACA	946
ACTGAT	943
ACAGAT	934
CTCCCG	929
GCCCCC	926
AATTTT	915
ATAAAA	914
AGAGAG	914
TGATCC	905
TTAACA	897
TTAAAA	894
TCCCAT	887
CAAAAT	885
AGTTTT	880
NNNCCA	877
ACATGA	876
TCCACT	873
AAACAA	872
NNNGTA	871
GATATC	868
TTGCCA	854
NNNCGC	853
CATCTC	851
ACATCG	850
GCCCAC	847
AATATC	841
ATTTAA	840
TTATCA	839
TAAGTG	838
CCCGCC	828
TGACGT	826
NNNAAT	819
TTAACC	808
AGGTTT	807
AGTTGT	804
CCGCCG	803
GTTCAA	798
ATGTAT	797
GCCTCT	792
AATTTC	791
NNNATC	789
NNNGTG	786
CGTACG	783
TACAAT	782
NNNTCA	781
CAAATT	780
NNNNGT	778
NNNCAA	773
TACCCC	770
TTTCCC	767
AATAAA	767
CTTAAT	753
TAAATT	750
TGAAAC	746
GTAATC	733
ACAAAG	731
TGAATC	720
TTGCCC	717
GTGTCC	717
AATCTC	717
TGCCCC	707
AGATCT	703
CAACAA	689
AAAAAG	688
CGAAAT	687
AATGTG	687
AGTATC	685
ACCCCC	683
AGTGTA	675
CAGAAA	671
AGTAAT	670
ACAAAT	669
GAAAAA	667
NNNNGC	663
GGCCAT	663
NNNNTA	661
GTGCAC	661
GTCACA	646
TTTCTA	645
CTCTGT	641
TTTTTT	640
CTGTTA	633
GTTATA	631
NNNNAT	624
CACAAT	620
NNNNTG	619
ATGCAG	618
CTGTAT	615
CTGTGT	612
AAAAAC	611
TTGTTA	610
TGTCCC	609
AAGAAA	608
AGTGTT	605
GGTTAA	602
TGAAAA	601
CTTTCA	594
AAGATA	588
AACAAA	585
CTGTTC	584
NNNNTC	581
CCATCT	581
TGTAAA	580
GGTAAA	579
GAAAAT	568
GTCTCC	564
TTTAAA	560
TAAGGG	553
GTTTTA	553
ATTTCT	552
TATCTC	550
TAAGTT	550
ATGTTC	549
TATGTG	548
TCCCCT	546
GACAAA	545
CCCAAA	542
GACAAC	538
CAGCTA	537
CTTAAA	536
CAAGTG	536
ACATCT	534
TGTTCA	533
CGATCC	532
ATGCAA	532
TTTCCA	526
CCCGAT	525
TTCCCA	524
ATAGTA	523
TAAAAG	521
CCCAAC	520
AAAGGG	519
TTACAA	515
TCCCGA	515
AAGTTT	508
GCCCCT	507
ATCTCC	506
AATAAT	505
CGATAA	504
CCAATC	504
ACCAAA	502
CATTTC	499
TTTTCC	497
CTTTCC	495
AGCAAT	494
AAAGTT	490
GTGCCC	488
CCAATT	487
TACCGT	483
GCCACC	481
CCGCAC	481
ACAATC	481
TACAGT	477
GACAGT	476
GCACAT	472
CTATTT	472
CCAGTT	471
TCACCC	470
GATCAG	469
CGGAGT	469
GTGCCA	467
ACATTT	467
GACAAG	466
AATGTT	465
AGTTAT	464
CGACGA	463
ACATCC	463
TCATCC	462
TATAAT	460
AGAAAA	460
CGCTGC	458
CCTGTC	458
TTGCAA	455
ACAGAA	454
CCAGTC	452
GCAAAA	448
CCCCCG	447
ATATCT	447
TCAAAA	446
ATTGTT	446
ACCCAA	446
AAAATT	446
CCGAAC	445
TTACTA	444
TAGATA	443
TAACAA	442
CGTATC	441
AAAACA	441
TTTACC	437
TACAAA	437
CGAGTT	432
ACAACA	432
CGTTTC	429
AACAAG	429
TGGCCC	426
GTTCTC	426
CGTTTT	426
ATCCCC	424
CGCCGT	423
CCTGTT	422
ATTCCA	420
TGAAAT	419
TACGTG	415
ATTTGT	414
TACCAT	412
CTGACA	412
ATTCTA	412
GGTTTT	410
AACAAC	409
CACATT	408
CAAAAC	408
ACATTC	406
CCCATT	405
GTTAAC	404
CAAGTT	404
AGAGAT	404
AAATTT	403
GTACCA	401
TAACCC	396
AAGTCC	395
CAAAGT	394
CGGTTT	391
CAAATA	391
CACCTC	390
CCATTT	388
CGAGGG	385
AAAGAG	385
GTTTTT	382
ACCAAG	382
CCACCC	381
AGTCGT	381
TCCAAA	379
GCATAT	379
CACAAC	377
CAATTT	377
GTACAA	375
GGGCCC	375
AGGAAA	375
TAATCT	373
TATTTT	372
TTTCAG	371
ATTGTG	371
GGCTGT	369
GAGAAC	369
TAAAGT	368
ACGATC	367
ACCTCC	366
GAAACG	364
TAACGG	363
ACAATA	363
CTTCTC	362
AGTTTA	362
TACATT	360
ACCCAT	358
TCCCCA	356
TACAAG	356
TCATCT	354
TATAAA	352
AACGTG	352
TAAACA	351
GACCAC	351
TGTTAG	350
CTATGA	350
CGTCAC	350
GGCAAA	349
AAAATG	349
CTGAAC	348
ATACCA	348
AAACCA	348
ACAATT	345
AATATT	345
TAACAT	344
CGTTAA	344
GCCGTG	343
CTCCTC	343
CATATA	342
ACACAA	342
TTACGC	341
TATGTT	341
CCTTTC	341
GACGGG	340
CCGTGA	340
CCCCGA	340
ACCGGG	340
ACCGTC	339
AAAATA	339
ACCAAC	337
ACACCC	337
TTAGTA	335
TCAGCG	335
CATGTG	335
CGTTCT	334
TCCTCC	333
ACCACT	332
AACGGG	332
GTCTGT	331
ACTGTT	331
CTCGTC	329
TAAACT	328
GCCCGT	327
CTCCCC	325
AGTGAC	325
TGTATC	324
GTCATC	324
CCGAAT	324
CATTTT	324
CAACTC	324
TACAAC	323
CCCTCT	322
CCCACC	322
CAAGTC	322
TATATT	321
GACATC	321
CCCAGT	321
TCCCCG	318
TACCGC	318
TAAATA	318
GTTAAT	318
CACAAA	318
CGTCTA	317
GACATT	315
TCACCT	314
TTCCGA	313
GATAAT	313
AAGAAC	313
TCCTCT	312
TCACTG	312
CGAATT	311
TGTTAA	310
GTGCGA	310
TTTGCC	309
TTAGGC	309
TCAACT	309
TAATTT	309
GTGGAT	309
GGTCGC	309
GACGAT	309
GAACAA	309
CTAATC	309
CATAAT	309
AACCCC	309
CCCTGT	308
CTTCAA	307
CTGCTC	307
TACGTT	304
GCCGGG	304
GACAGC	304
ATCCCA	302
AAGCAA	302
TGCCGC	301
TAAATG	301
GACCCC	301
CAAGGG	300
ACCGAG	300
AGGCCA	299
TCGTCA	298
GTTTGC	298
GTATGT	298
GACCAT	298
CCCGTT	298
CTCTGC	297
TTTGCA	296
TCACAT	296
GCCTCC	295
GAAAAG	295
CGCAGT	295
CACCGC	295
AGCCGT	295
ACACAG	295
TCCACC	294
CCATTG	294
AAGGTG	294
AAGAAG	294
TACCTT	293
TAAGAG	293
AAGCTC	293
TTTTCA	292
CCTGTG	292
ACTGTA	292
GGTTTA	291
CATGTT	291
AGATGA	291
TTGTCC	290
CCCCTC	290
ACACCG	290
CCGTAA	289
AAGGTT	289
CCCACT	288
AGCCCC	288
GCCGAG	287
CTAAAA	287
TAAATC	285
CGGTGC	285
AAATCA	284
CTATCT	283
AACCAA	283
TCAGTT	282
CACACC	282
ATCCGT	282
CCCATC	281
ATGATC	280
TGTTAT	279
GAGAAT	279
CTGGTC	279
AATAAC	279
TTTCAA	278
GTCAGT	278
CGAAGA	278
AGCCAC	278
ACCCCA	278
AAACCC	278
TACCCT	277
GAAGGG	277
CCCCGC	277
GACCGT	276
TTTTAT	275
TACCAC	273
GTACGA	273
ACCGTT	273
AAATAT	273
AAAATC	273
GTAACA	272
AGATTT	272
AATAAG	272
AAAGAA	272
TAGACC	271
GTGTAC	271
CACCCC	271
AATGTA	271
CCATAT	270
ACCTCT	270
ATTCAC	269
ATCCAA	269
TTAGCC	268
TCCCGT	268
TAACTA	268
ATATAA	268
AGATAT	268
CGGTCT	267
CGACGC	267
CATATT	266
ACTAAT	265
TCCGTG	264
CGACAA	264
CAGTTA	264
ATTTGC	264
ATTGAA	264
AAGACC	263
TAACTC	262
CACGTG	262
AAGAAT	262
CGAAAA	261
CAGTTT	261
ACACTA	261
TCACCG	260
CGTTGC	260
CGCCGC	260
TCCCAA	259
TCACAA	259
TACGGG	258
TAAAAC	258
GACAGG	258
CGGTTC	258
CCGTAT	258
CCCTAT	258
TGACTC	257
TAACTT	257
GTTTCA	257
CCCCGT	257
ATCTGC	257
AAATCC	257
CGACCC	256
ATGTTT	256
AGCCGC	256
AAATGT	256
NNNNCN	255
CGTTTA	254
ACCTAT	254
AAATAA	254
TATCCC	253
AATGAG	253
CTTATT	252
GTGAGC	251
GGAAAA	251
TAGAAA	250
TACACT	249
GCCCCA	249
ACCGCG	249
TAAGCG	247
GTAAAT	247
ATATTG	247
ACAGCA	247
GGCCAC	246
CATTCC	246
AATGGG	246
TGTGTA	245
ATTTTG	245
TACACC	244
GAAAAC	244
CTTACC	244
CAGGTG	244
ATTGCA	244
ACTAAA	244
TCCCAC	243
TAAAGG	243
CCATCA	243
ATGGTA	243
TGTCCG	242
ACAGCC	242
TCCGCC	240
GCGAAC	240
AGAGGG	240
AAGACA	240
TACCGG	239
GTTTGA	239
AGGTAA	239
CAAAAG	238
GACGTG	237
CGTTGA	237
CGTTAT	237
GTTGTC	236
CCGTGT	235
CCACAA	235
ATCCGA	235
TCGCCC	234
TAACGT	234
AATTAA	234
TTTACA	233
CGCACA	233
GGCCCA	232
ATATGT	232
TAAACC	231
CCCCAT	231
CCAAAC	231
ATTTAC	231
AAACAC	231
TCTTTT	230
GCCGTT	230
CGGCTC	230
CGACAT	230
CATAAA	230
AGAATC	230
ACCATT	230
AAAGTA	230
GGTGTA	229
TTTTCT	228
GGCACA	228
GAGAAG	228
ACTTTT	228
AATCCA	228
TCCGTT	227
CCTTCA	227
CCCCCA	227
AACATT	227
AAACGG	227
TCAATT	226
TAAGGT	226
GCCAGC	226
CCCCAC	226
CACGTT	226
AGACCC	226
AACGAG	226
TAGAAT	225
CAATCC	225
CAAACT	225
ACCCGC	225
TGATGA	224
CGTCCA	223
CCGGTG	222
AATCAC	222
TCCCTC	221
TCCCAG	221
TACCCA	221
CCACCA	221
ATCATC	221
AATTCA	221
CCCGTG	220
ATGATA	220
CCCTTT	219
ATCAAT	219
ACCCAC	219
TGCCAT	218
CCAAGT	218
AATATA	218
AAATCT	218
TACATG	217
TAATGT	217
GGTGTT	217
CAGCCC	217
CACAGC	217
TTTTAG	216
TGACGC	216
CTAAGT	216
CACCGT	216
AATTAT	216
TACCAG	215
TAACTG	215
GGAAAT	215
TCCAAC	214
TAAGAT	214
AAAGCG	214
TGGTCC	213
TGGACA	213
GGCAAC	213
GCCCAG	213
ACATGT	213
ACACCA	213
AACCAC	213
GGACAA	212
AAGGGG	212
AAACAG	212
TTCCTC	211
TATTCT	211
TAGGTG	211
CCCCAA	211
ACCCCG	211
ACATCA	211
AACCGC	211
AAAAGT	211
TACCCG	210
GTCGTC	210
CAAATG	210
GTCTAT	209
GACGAG	209
CGAGTG	209
ATCAGA	209
TACTCT	208
ATCCAC	208
ACCCAG	208
AAAGGT	208
TCCCTT	207
AGACAT	207
AACCAG	207
AAAACC	207
TCCGCG	206
TAACAG	206
CTATAT	206
ACCCTG	205
TCCGTA	204
TACCTC	204
AGATAA	204
AAAAGG	204
GTTCGA	203
GTTACA	203
CCCTGC	203
ATCCTC	203
TGGTCA	202
TAACCT	202
GGGTGT	202
GGAAGT	202
CACTGT	202
TTAGCA	201
NNNNAN	201
GGTTAT	201
GGCTCC	201
CACGGG	201
TCCATT	200
GCCACA	200
CGGATT	200
CCTTCT	200
CCAGGT	200
ACACTC	200
ACAAAC	200
AATTCT	200
AAACAT	200
TACCTG	199
GCAACT	199
GCAAAG	199
CCATTC	199
AGTCGC	199
ACTCCC	199
TACGGT	198
AGACGT	198
ACCCTC	198
ACTTTC	197
CTCATC	196
ATTCCC	196
AACCGT	196
TCAGGG	195
GTCTCA	195
GACACC	195
CTCTCC	195
AGAGGT	195
ACTTTG	195
AATATG	195
AACGTT	195
TTTAAT	194
TTTAAC	194
TGTTCT	194
TCCCGC	194
ATTATA	194
TGAGGG	193
TCCAAG	193
TCATCA	193
GGTTAC	193
GCCCTC	193
CTGTCT	193
CAAACA	193
ACTTCT	193
ACCACC	193
CGGTCA	192
CCAGGG	192
TCAGTA	191
GTCATT	191
GCTAAA	191
CATAAC	191
ATCTCT	191
ACGAAA	191
AACACC	191
GATAAA	190
CTATGC	190
CAACCC	190
CGTTCA	189
ACTTAT	189
ACCATG	189
ACATAT	189
AAGGTC	189
GTTCAC	188
CCGTTG	188
ATATTA	188
CAAACC	187
AGTGGT	187
AAAACT	187
CACCAT	186
ATTTAT	186
AATGAA	186
TGAGTG	185
TCCGTC	185
TATCTT	185
GATGTG	185
ATAACA	185
TTGGCC	184
TTCAAT	184
GTGGTA	184
GAAATT	184
ATGGAA	184
ATACAA	184
NNNNTN	183
GTGTGC	183
GTAACG	183
CCAACC	183
AGTGGG	183
AATCCC	183
TTCAAA	182
TCAGAT	182
CCCGGG	182
CACCAC	182
ATTCGC	182
AGAGTT	182
AACCGG	182
GTTGTT	181
GGTTGT	181
GGGTAA	181
CCCCTT	181
CTGTGA	180
CAACCA	180
TAGTCA	179
TACAGG	179
GCCGGT	179
GACCTC	179
GACCAG	179
CGACCT	179
CCGAAA	179
ACCGAT	179
AACCAT	179
CTTCCA	178
ACGATG	178
TCCGGG	177
TAATAT	177
GGCCGT	177
GCAGGG	177
CCTCCG	177
CAAGGT	177
TGCCCT	176
TGACGG	176
GTAATA	176
GGTAAT	176
CCAGCG	176
TCTCCC	175
TATCTG	175
GTGCTC	175
GCAATT	175
CGATTC	175
ATCAAA	175
ACGTTG	175
AATTTG	175
AAAGTC	175
TAACCG	174
GAAGTG	174
GAAAGT	174
AATCTA	174
AACATG	174
AGCAAA	173
AAAGAT	173
TCACTA	172
TATAAG	172
TACATC	172
GTCGTA	172
CAGGTT	172
