SampleNumber	0	1	2	3	4	5	6	7	8	9	10	11	12
SampleName	None	Sample_14dM2_1	Sample_14dM3_1	Sample_14dM5_1	Sample_14dF1_1	Sample_14dF3_1	Sample_14dF5_1	Sample_12wM1_1	Sample_12wM4_1	Sample_12wM5_1	Sample_12wF1_1	Sample_12wF4_1	Sample_12wF5_1
L2T1101	0.6653026	9.376703	8.818134	7.661244	7.903211	7.501638	8.410388	8.172831	7.956366	7.571582	7.670168	8.935766	9.356668
L2T1102	0.6538909	9.403444	8.819829	7.636075	7.860121	7.522031	8.403975	8.156516	7.91883	7.636849	7.698582	8.929479	9.360379
L2T1103	0.6424112	9.408639	8.821394	7.633138	7.862488	7.557762	8.41145	8.131242	7.962172	7.654924	7.675344	8.916244	9.322791
L2T1104	0.6383508	9.453064	8.801275	7.691054	7.835985	7.564993	8.415361	8.126474	7.927964	7.673647	7.666476	8.889285	9.316071
L2T1105	0.6268568	9.439127	8.796576	7.676666	7.871864	7.546569	8.39447	8.157038	7.953456	7.647806	7.665579	8.905053	9.318939
L2T1106	0.6265243	9.445278	8.803377	7.662922	7.872664	7.560545	8.386386	8.114338	7.927559	7.675529	7.692257	8.918395	9.314224
L2T1107	0.6113985	9.454004	8.811479	7.636783	7.853391	7.559829	8.455045	8.084357	7.93885	7.683989	7.680649	8.886402	9.343823
L2T1108	0.6037045	9.467362	8.791918	7.657244	7.811945	7.592782	8.425432	8.086681	7.965892	7.713262	7.67015	8.871964	9.341664
L2T1109	0.6146512	9.463149	8.784774	7.666581	7.82477	7.607443	8.438776	8.069408	7.996716	7.682648	7.630099	8.890754	9.330232
L2T1110	0.6064194	9.504093	8.714587	7.698991	7.807072	7.596076	8.47528	8.073248	7.982912	7.678763	7.659945	8.862184	9.340429
L2T1111	0.6229695	9.505052	8.740969	7.661278	7.855828	7.611173	8.483416	8.041703	8.004792	7.698519	7.634692	8.837551	9.302057
L2T1112	0.6122591	9.52558	8.718397	7.682475	7.829115	7.662194	8.502607	8.023423	7.999054	7.685234	7.636105	8.820937	9.302619
L2T1113	0.6105861	9.535224	8.727848	7.719483	7.826177	7.649505	8.501316	7.994066	7.987446	7.699688	7.635781	8.808062	9.304817
L2T1114	0.6140727	9.571219	8.713162	7.714736	7.860567	7.669274	8.50603	7.994736	7.971796	7.673162	7.596439	8.795765	9.319042
L2T1115	0.6123505	9.558184	8.714286	7.696959	7.84721	7.685772	8.477691	8.015527	7.999228	7.654783	7.609522	8.814935	9.313553
L2T1116	0.5991785	9.489542	8.736329	7.697971	7.880671	7.694604	8.448106	8.05295	7.977151	7.605338	7.619318	8.853106	9.345736
L2T1201	0.7140247	9.321085	8.892921	7.634368	7.901849	7.551752	8.328079	8.174024	7.925101	7.567157	7.695846	8.961529	9.332263
L2T1202	0.6923247	9.32858	8.889508	7.654605	7.863616	7.560875	8.346895	8.165928	7.920275	7.57372	7.69082	8.97364	9.339212
L2T1203	0.6831536	9.38233	8.848531	7.639695	7.879711	7.521742	8.301264	8.175797	7.962292	7.585574	7.718519	8.967015	9.334376
L2T1204	0.6583506	9.337425	8.85712	7.649134	7.895346	7.56684	8.321576	8.146384	7.908874	7.59379	7.691831	8.996907	9.376423
L2T1205	0.6471268	9.3783	8.863295	7.634839	7.898837	7.583121	8.326768	8.163362	7.9218	7.591337	7.664403	8.972455	9.354355
L2T1206	0.6232387	9.358288	8.888975	7.635769	7.877207	7.585512	8.376975	8.140094	7.950034	7.620524	7.69223	8.929945	9.321209
L2T1207	0.6176739	9.416687	8.830618	7.663882	7.872677	7.606595	8.388218	8.117711	7.929615	7.643392	7.658028	8.92519	9.329713
L2T1208	0.6110865	9.449194	8.817903	7.653952	7.87315	7.59573	8.386403	8.115186	7.920455	7.62491	7.673532	8.95268	9.325819
L2T1209	0.6089871	9.441065	8.824194	7.648076	7.856499	7.619418	8.403028	8.146544	7.93027	7.63834	7.680402	8.889532	9.313646
L2T1210	0.6073789	9.451961	8.788817	7.664864	7.836279	7.611697	8.423741	8.106499	7.938122	7.66034	7.649403	8.915606	9.345291
L2T1211	0.6107291	9.463371	8.788646	7.672204	7.868464	7.621881	8.453833	8.065981	7.951993	7.684718	7.624596	8.861714	9.33187
L2T1212	0.6254104	9.504056	8.741165	7.682607	7.862583	7.631134	8.474756	8.025881	7.957076	7.686244	7.636835	8.841392	9.330862
L2T1213	0.6121745	9.53791	8.704661	7.674165	7.86867	7.662381	8.505064	7.985654	8.024725	7.692345	7.599711	8.838846	9.293693
L2T1214	0.6108448	9.561486	8.6933	7.690966	7.868836	7.657519	8.498123	7.99809	7.991543	7.670061	7.628673	8.840704	9.289852
L2T1215	0.6272747	9.540295	8.676648	7.702853	7.826264	7.693828	8.520856	8.014275	7.976071	7.695963	7.595973	8.815165	9.314533
L2T1216	0.6050932	9.562254	8.712288	7.706178	7.855635	7.674416	8.4633	8.009882	7.994773	7.633266	7.613399	8.842713	9.326801
L2T1301	0.7129159	9.308275	8.925213	7.645777	7.881732	7.545014	8.265719	8.201022	7.930922	7.553266	7.687284	8.980983	9.361876
L2T1302	0.6881972	9.32565	8.916336	7.659156	7.925201	7.529043	8.306087	8.176221	7.909929	7.538778	7.697178	8.962153	9.36607
L2T1303	0.6595856	9.345674	8.880179	7.67768	7.889115	7.542891	8.326873	8.173546	7.923418	7.581828	7.716934	8.936777	9.345498
L2T1304	0.6487403	9.336567	8.892158	7.664287	7.908132	7.535564	8.347484	8.198638	7.934009	7.570021	7.680922	8.921976	9.361502
L2T1305	0.6314045	9.357148	8.856027	7.667184	7.901068	7.542355	8.336179	8.182376	7.936783	7.593287	7.713426	8.956466	9.326297
L2T1306	0.623733	9.35686	8.912913	7.667142	7.917015	7.553396	8.340898	8.182491	7.941439	7.594113	7.682778	8.91997	9.307252
L2T1307	0.6146119	9.402331	8.904067	7.654223	7.87594	7.590919	8.367513	8.143051	7.926411	7.582513	7.648561	8.940231	9.349629
L2T1308	0.6177259	9.39716	8.853217	7.667398	7.883042	7.595904	8.391528	8.121128	7.955971	7.641164	7.614623	8.888367	9.372771
L2T1309	0.6159273	9.418272	8.860108	7.660205	7.896083	7.612901	8.363857	8.139417	7.933366	7.618502	7.657708	8.897931	9.325722
L2T1310	0.6221656	9.445626	8.852304	7.667225	7.898839	7.600246	8.387112	8.07533	7.934677	7.65367	7.63645	8.884545	9.34181
L2T1311	0.6184108	9.460015	8.783495	7.691341	7.887821	7.617768	8.444665	8.072163	7.964298	7.628926	7.637899	8.858113	9.335086
L2T1312	0.6150361	9.489262	8.799991	7.684878	7.85612	7.619053	8.45825	8.045121	7.957559	7.638881	7.647712	8.862225	9.325912
L2T1313	0.6093602	9.497949	8.766022	7.676229	7.870632	7.667587	8.462258	8.018322	7.985616	7.664149	7.639765	8.827482	9.31463
L2T1314	0.6033301	9.554674	8.731618	7.684524	7.856607	7.660478	8.488485	8.035971	7.996662	7.65224	7.597636	8.830161	9.307614
L2T1315	0.6196431	9.553856	8.683418	7.711627	7.878279	7.677298	8.502401	8.00382	7.983024	7.644857	7.627357	8.820797	9.293623
L2T1316	0.6018276	9.51806	8.706101	7.719839	7.88583	7.668723	8.4503	8.034431	8.006883	7.649646	7.59525	8.830371	9.332738
L2T2101	0.6766377	9.343605	8.897988	7.666629	7.878756	7.493757	8.35393	8.164633	7.943274	7.607263	7.698727	8.934953	9.339848
L2T2102	0.6481845	9.391595	8.850592	7.650346	7.897308	7.536638	8.354101	8.169629	7.937969	7.586965	7.701743	8.935088	9.339842
L2T2103	0.6470625	9.364122	8.838035	7.654152	7.876557	7.518854	8.399019	8.14303	7.944756	7.606352	7.702237	8.924608	9.381216
L2T2104	0.6415895	9.358086	8.834555	7.6363	7.90513	7.550246	8.356172	8.136798	7.93929	7.634922	7.67484	8.951802	9.38027
L2T2105	0.6438092	9.388585	8.848525	7.653015	7.894418	7.549301	8.351056	8.16399	7.939821	7.636767	7.6591	8.932369	9.339243
L2T2106	0.6227319	9.409789	8.83527	7.659038	7.898382	7.549243	8.36844	8.150956	7.918734	7.624404	7.667073	8.950433	9.345505
L2T2107	0.6101798	9.408461	8.854609	7.703603	7.872832	7.545515	8.369029	8.140783	7.945154	7.653456	7.66079	8.894943	9.340644
L2T2108	0.6089439	9.383641	8.812575	7.691089	7.87042	7.587724	8.390795	8.146257	7.957456	7.638867	7.663411	8.926454	9.322367
L2T2109	0.6066827	9.386365	8.857484	7.666011	7.877037	7.571063	8.373876	8.139538	7.928823	7.657004	7.679451	8.904871	9.351795
L2T2110	0.6111684	9.403118	8.856279	7.674696	7.904436	7.602462	8.359433	8.14557	7.945053	7.624293	7.620152	8.893611	9.359729
L2T2111	0.6005437	9.436228	8.85194	7.675002	7.910551	7.612597	8.399282	8.102067	7.924087	7.613369	7.632514	8.914346	9.327472
L2T2112	0.6220254	9.4522	8.833944	7.669564	7.914757	7.630786	8.361375	8.10752	7.927022	7.604736	7.637563	8.906804	9.331703
L2T2113	0.6037509	9.435297	8.880102	7.670725	7.900804	7.618189	8.392048	8.103118	7.923831	7.617992	7.631644	8.881747	9.340753
L2T2114	0.59851	9.42131	8.878811	7.685136	7.931118	7.626797	8.370745	8.099676	7.962403	7.56144	7.636176	8.898848	9.32903
L2T2115	0.6140307	9.407226	8.907743	7.661004	7.915191	7.635152	8.329184	8.119923	7.937341	7.558357	7.623251	8.925826	9.36577
L2T2116	0.5989191	9.355889	8.925304	7.686996	7.944833	7.640763	8.343476	8.142409	7.937753	7.530483	7.613563	8.913845	9.365767
L2T2201	0.7278554	9.31713	8.919681	7.620044	7.916876	7.510782	8.320064	8.196561	7.915262	7.520969	7.691212	8.986114	9.357449
L2T2202	0.70521	9.284422	8.854542	7.620971	7.897807	7.541527	8.328583	8.20766	7.94348	7.555796	7.691417	8.999915	9.36867
L2T2203	0.685034	9.313106	8.893685	7.627902	7.891804	7.530707	8.292449	8.18966	7.943145	7.573034	7.696416	8.988635	9.374423
L2T2204	0.6692243	9.327203	8.890784	7.605884	7.934318	7.55688	8.340021	8.164423	7.931761	7.579536	7.695689	8.972563	9.331713
L2T2205	0.6695669	9.291094	8.920547	7.646294	7.893797	7.569709	8.343793	8.171955	7.914304	7.597713	7.676595	8.97825	9.326381
L2T2206	0.6469295	9.338989	8.885023	7.623189	7.912969	7.571532	8.326472	8.164015	7.935814	7.61814	7.666089	8.953699	9.357138
L2T2207	0.6177375	9.333459	8.887936	7.634944	7.920891	7.591909	8.369012	8.16647	7.932826	7.614796	7.673593	8.9474	9.309028
L2T2208	0.6169839	9.385193	8.85591	7.639832	7.886758	7.579489	8.372016	8.146124	7.929805	7.618972	7.67341	8.964366	9.33114
L2T2209	0.6072937	9.384026	8.86499	7.662609	7.902378	7.610349	8.345087	8.111491	7.938999	7.625503	7.698328	8.941491	9.307456
L2T2210	0.6135419	9.392327	8.823532	7.676109	7.894397	7.587026	8.371676	8.132934	7.951718	7.617452	7.682516	8.908778	9.347991
L2T2211	0.6125057	9.426705	8.834559	7.679515	7.883952	7.604147	8.380169	8.085203	7.938424	7.656975	7.656137	8.908351	9.333358
L2T2212	0.6154954	9.487376	8.790891	7.688101	7.878632	7.609692	8.386968	8.077864	7.942484	7.640129	7.626498	8.927462	9.328407
L2T2213	0.6066172	9.447165	8.806646	7.679813	7.87052	7.649926	8.462688	8.063927	7.943821	7.665265	7.640216	8.852332	9.311063
L2T2214	0.5971057	9.477988	8.812359	7.662147	7.876504	7.653294	8.440987	8.096698	7.965749	7.624541	7.619721	8.864096	9.30881
L2T2215	0.6158521	9.465077	8.794443	7.683817	7.93555	7.662462	8.41786	8.10416	7.975964	7.613256	7.593738	8.843156	9.294663
L2T2216	0.6031858	9.433388	8.82068	7.673857	7.927348	7.650735	8.414142	8.084112	7.925489	7.604198	7.639484	8.869989	9.353392
L2T2301	0.72146	9.312879	8.922599	7.626199	7.900813	7.514961	8.270632	8.21353	7.914919	7.524638	7.703834	9.002162	9.371373
L2T2302	0.6958876	9.315725	8.904174	7.661001	7.928442	7.529615	8.268775	8.233273	7.919673	7.55118	7.678324	8.956607	9.357323
L2T2303	0.6652913	9.310817	8.882388	7.597774	7.916154	7.520439	8.304817	8.18573	7.924838	7.577005	7.693292	9.006578	9.414876
L2T2304	0.6620583	9.305441	8.91289	7.626771	7.906526	7.595887	8.28728	8.199944	7.908322	7.577081	7.67963	8.9667	9.371471
L2T2305	0.6441726	9.3267	8.921466	7.62358	7.902611	7.580717	8.302443	8.162174	7.929444	7.580086	7.691593	8.965171	9.369844
L2T2306	0.6283645	9.354678	8.91477	7.590398	7.914351	7.572744	8.345065	8.175939	7.941338	7.556804	7.690622	8.955671	9.359257
L2T2307	0.6118613	9.387294	8.896749	7.67459	7.902765	7.563421	8.334929	8.155231	7.920905	7.575445	7.674347	8.946825	9.355636
L2T2308	0.6093597	9.388087	8.881696	7.640133	7.921538	7.563493	8.315194	8.159705	7.940793	7.610112	7.668843	8.944085	9.356961
L2T2309	0.610677	9.393482	8.910378	7.653899	7.900564	7.557381	8.355587	8.127084	7.96736	7.595858	7.67743	8.934012	9.316288
L2T2310	0.616543	9.424267	8.861416	7.674887	7.888336	7.60243	8.38627	8.114024	7.920321	7.635734	7.633908	8.909224	9.332639
L2T2311	0.6169069	9.411772	8.861048	7.652739	7.903126	7.601894	8.397473	8.080374	7.936913	7.649791	7.671223	8.904308	9.312432
L2T2312	0.6112739	9.442722	8.8323	7.706427	7.895389	7.613847	8.417653	8.071442	7.91914	7.621152	7.673143	8.85402	9.341492
L2T2313	0.6111014	9.472234	8.793834	7.671179	7.897476	7.620298	8.417498	8.075692	7.970671	7.620591	7.65284	8.868234	9.328352
L2T2314	0.5990617	9.481123	8.814025	7.695773	7.883873	7.638731	8.434365	8.070033	7.954948	7.635077	7.638246	8.836596	9.318148
L2T2315	0.635894	9.476704	8.782696	7.699165	7.886516	7.65092	8.430676	8.046687	7.953917	7.594747	7.624936	8.863687	9.353454
L2T2316	0.6075605	9.442242	8.81663	7.696553	7.898965	7.666888	8.377871	8.082938	7.967806	7.587793	7.652719	8.877642	9.324392

### Most Popular Unknown Index Sequences
### Columns: Index_Sequence Hit_Count
NNNNNN	208974
CCCGTC	51388
GTCCCG	47946
CCGATG	44875
CGTCCC	44120
CAGTCA	39635
GATGTA	32264
CCAGAT	31757
CCTTGT	27974
CTGACC	27949
CGTCCG	25886
CGCCAA	24209
AGATCA	23801
GTCGCA	20882
ACCAGT	20241
GCCCAA	20141
AGTGAT	20027
GACCAA	19807
TTGTAA	19791
CACAGT	17759
CATGTC	17734
GCCATA	17295
GCAATA	17072
CTGTAA	15300
CAGTGA	15208
CGTGAA	14389
GTCAAC	13503
CGAGTA	12072
GTTCCG	10971
AAGTTC	9697
ACAAGT	9219
CTTTGT	9059
AGTAAC	8756
AATGTC	8430
CGAATG	8358
CAAGAT	8297
AAGTGA	7794
TGTCAG	7390
TGCCAA	7039
AACAGT	6975
CCTCCC	6199
AGGTTC	6136
AGCAAC	6091
CAGAAT	6053
GGTGAA	5865
CTTTTT	5684
ATCAAC	5473
AGTCCG	5151
CAGACA	5011
GCCGCA	4997
GTTTCG	4989
ATGTAG	4931
NNATGT	4494
NNGAAA	4475
NNNTCN	4343
CCCTTC	4278
NNCCGC	4255
TTGACC	4199
NNACCA	4110
NNTGTA	4021
CGGATG	3883
CAATAT	3822
GTCCCA	3763
CCGGTC	3735
NNTCAA	3734
NNTTCC	3726
NNCAAT	3717
NNGTCA	3667
NNGTCC	3658
NNAGTG	3622
AAAAAA	3586
ATTGTC	3534
NNGATC	3511
CGATTG	3465
AGTGAG	3343
GTTGAA	3298
NNNAAN	3254
CTTGGT	3249
TGACAT	3215
CGATTA	3054
CAGGAT	3047
GTCAGA	3044
TTACCC	3042
TGAACC	2970
NNNGTN	2948
GCCATC	2880
GGCCCC	2794
TAGCTT	2663
CTTATC	2633
CTTTAA	2602
TGTAAT	2585
ACAGGT	2573
GGTCCG	2498
ATTTTT	2466
CCAATA	2432
GTTCCC	2416
CCTTTT	2347
GTGATC	2305
ACTTGA	2296
CAATCA	2278
TGGACC	2270
CGATCA	2254
ATTTTA	2140
ATTCCG	2101
NNNTCC	2064
ATGGTC	2063
TCCGCA	2033
CTTGAT	1954
TACCAA	1935
CCCCCC	1917
AGTACA	1851
TCCCCC	1834
GGTCCC	1815
CCAAAA	1808
CAATCT	1795
GTTTAA	1775
ACGTGA	1755
GTGACC	1710
NNGTCN	1709
TGATCT	1707
TGCAAT	1702
NNNTGN	1683
NNNCCN	1677
GATCAT	1616
NNNCGN	1611
NNNTNN	1573
TTCCCC	1564
CTTTTC	1548
TTTTTA	1524
GAATAT	1510
GACCCA	1499
GCTATC	1484
ATTTTC	1480
NNNATN	1402
GGAAAC	1399
GCGCAC	1396
GGCCAA	1392
NNNCAN	1383
GTAAAC	1370
AGTGTG	1363
TTGACA	1326
TAAAAT	1293
NNNTGT	1288
CAAAAA	1257
GTTTCC	1255
TTCCGT	1243
NNNAAA	1235
NNNCNN	1220
AGAACA	1205
NNNGTA	1204
TTTTAA	1203
NNNCCA	1198
NNNANN	1193
ATCACG	1189
TAAAAA	1183
NNNCGC	1177
AAAAAT	1132
ATTCAG	1108
GCATCT	1089
NNATGN	1079
NNNCAA	1071
CATCAT	1063
CGGTAT	1062
NNGAAN	1061
GTATCT	1061
NNNAAT	1054
TTAACC	1041
ATTAAA	1039
NNNGTG	1037
ACAGGA	1034
AATTTC	1030
ACTGAG	1026
NNNATC	1023
NNNTCA	1019
GTCCAT	1016
TAGCTC	1009
GCCCCC	1008
TTAACA	1001
GTCCAA	993
GATCTC	991
CCAAAT	984
ACAAAA	980
AACAAT	973
NNACCN	972
CTGATA	967
CAGCAT	961
TCAAAT	960
NNCCGN	960
TTAAAA	955
TTTCCC	947
NNTGTN	944
TCCCAT	943
AATTTT	933
TTGCCA	926
TCAACA	921
NNTCAN	918
CTCCCG	911
ACTGAT	911
TTGCCC	908
TGATCC	905
CCGATT	905
ATCTCG	905
CATCTC	891
GATATC	890
AGTTTT	889
ATTTAA	886
NNCAAN	885
AGAGAG	877
NNTTCN	873
AAACAA	870
NNNGNN	866
TCCACT	859
ATAAAA	857
CAAAAT	855
GCCCAC	851
TGACGT	848
CCCGCC	846
NNGATN	843
TTATCA	841
GTTCAA	838
ACATGA	834
AATATC	834
TAAGTG	824
CGTAAT	822
NNAGTN	821
CTTAAT	813
AGGTTT	810
CAAATT	808
GGCCAT	806
ACAGAT	800
CCGCCG	798
ACATCG	795
TAAATT	789
AGTTGT	782
TGCCCC	779
ATGTAT	778
TACCCC	777
AATAAA	775
CGTACG	761
ACCCCC	752
GTAATC	748
TACAAT	741
AATCTC	736
GTGTCC	734
AGTATC	725
GAAAAA	715
CAACAA	714
GGTTAA	709
GCCTCT	709
TTTTTT	687
TTTAAA	687
CGAAAT	687
AGTGTA	686
TGAAAC	684
ACAAAT	679
CAGAAA	672
TGAATC	670
ACAAAG	660
AATGTG	657
AAAAAG	651
TTGTTA	649
GTGCAC	635
CTGTAT	635
AGTAAT	633
AGATCT	632
CTCTGT	626
CCCAAA	622
TTTCTA	620
GTTTTA	616
TGAAAA	614
TATCTC	607
CTGTGT	607
ATGTTC	607
AAGAAA	607
TGTTCA	604
AGTGTT	603
CTGTTA	595
CACAAT	594
GTCACA	592
NNNNCN	589
ATGCAG	589
TAAGTT	583
GTCTCC	580
ATCTCC	580
TGTAAA	576
TAAGGG	576
GACAAC	575
ATTTCT	571
GTTATA	568
AAAAAC	568
TCACCC	566
GGTAAA	566
ACCAAA	565
GAAAAT	562
ACAGAA	557
CTTAAA	555
CTTTCA	551
AAAGGG	551
TATGTG	547
CGATCC	546
TGTCCC	539
CAGCTA	539
GATCAG	538
GACAAA	536
CGATAA	535
GCCACC	534
TTCCCA	531
TTACAA	529
TTTCCA	527
CCAATT	525
CCAATC	525
TAAAAG	524
ATGCAA	522
GTGCCC	518
CCATCT	518
GCCCCT	516
ACATCT	515
CAAGTG	512
CNNTGT	502
AACAAA	502
CTGTTC	501
CGCTGC	495
GCACAT	493
TTTACC	491
TCCCCT	490
TCAAAA	490
TATAAT	489
CCAGTT	487
ATAGTA	487
CCCGAT	486
AAAGTT	485
ACAATC	482
TAACAA	481
TCCCGA	480
TTTTCC	479
ACATCC	479
CTTTCC	478
TGGCCC	477
CGACGA	477
TACAAA	476
AAGATA	476
AGTTAT	473
ACATTT	472
GACAGT	470
GCAAAA	469
AGCAAT	467
CATTTC	466
NNNNAN	465
CCCAAC	463
ACCCAA	463
GNNAAA	460
AAAATT	459
GACAAG	458
CGCCGT	457
AGAAAA	457
AATAAT	457
NNNNTN	456
CCGCAC	456
TCATCC	455
CCACCC	454
CGTATC	453
TACAGT	451
TNNCCA	444
GTGCCA	443
CGGAGT	443
CCGAAC	440
CNNGTA	437
AAGTTT	437
TTGCAA	433
GGCAAA	431
AAAGAG	431
TACCGT	429
ATTGTT	429
ATCCCC	428
AGTCGT	422
CTTCTC	420
ANNCAA	420
TCCAAA	419
ATATCT	419
AAAACA	416
TACCAT	413
TAACCC	410
CGTTTT	410
CACATT	410
TTACTA	408
TGAAAT	408
CCAGTC	408
CCCCCG	406
ATTCCA	406
CTATTT	405
ATTTGT	404
AACAAC	404
ACACCC	403
GTTAAC	401
TAGATA	400
CTGACA	399
ACAACA	399
AACAAG	398
TACGTG	396
CAAAAC	396
GTTCTC	394
CAAAGT	392
CCTGTC	391
AATGTT	391
GNNCGC	389
CGAGTT	389
CGTTTC	388
GGCTGT	386
CCCATT	386
CCATTT	385
ATTCTA	383
TATAAA	382
GCATAT	381
CCTGTT	380
ACAATT	380
AGGAAA	379
ACATTC	379
ACACAA	379
CAAGTT	376
GGGCCC	375
CCCACC	374
AAATTT	374
TTTCAG	373
ATTGTG	373
CCGTAA	371
CACAAC	371
CNNTCC	369
CNNATC	369
ANNTCA	369
TATGTT	366
AGAGAT	365
GNNAAT	363
TAATCT	362
CACAAA	362
ACCTCC	362
ACGATC	361
ACCCAT	361
CTGAAC	360
GTACCA	359
ANNGTG	359
TACATT	358
GTACAA	358
ACCGTC	358
AAGTCC	358
ANNTCC	357
TTAGGC	356
CACACC	355
TTACGC	351
CGTTAA	351
AACGTG	351
TCCCCA	350
GGTTTA	349
CACCTC	349
AAAATG	348
CACCCC	347
TTTTCA	346
TCATCT	346
CTCGTC	345
ATCCCA	345
CATGTG	344
AAGGTG	344
NNNNNA	343
GGTTTT	343
GCCCGT	343
CCCCGA	343
CTATGA	340
CCCAGT	340
AAACCA	340
TGTTAG	339
CGAGGG	339
TAACAT	338
GAACAA	338
AATATT	338
TTTCAA	337
GTCATC	337
ACAATA	337
GTTTTT	336
GCCGTG	335
GACCCC	333
ACCGGG	331
GACAGC	330
CGACGC	330
ACAGCC	330
AGCCCC	329
GCCTCC	328
TAAACA	327
GACGAT	327
NNNNAA	326
CGGTTT	326
CCCACT	326
CAATTT	326
TATTTT	325
NNNNGN	325
AGTTTA	325
CTCCTC	324
TAAAGT	323
CTCCCC	323
CCTTTC	323
TATATT	322
GAAACG	321
ACTGTT	321
TCCTCC	320
TACACC	320
CGTCTA	320
TTTTAT	319
TTAGTA	319
GACATC	319
CATATA	319
CAAATA	319
AAGCAA	319
AAAGAA	319
ACCAAC	318
TGTATC	316
CTAAAA	316
TACAAC	315
GCCGGG	315
GACCAC	315
TCCTCT	314
ACCGTT	314
TCAGCG	313
CGCAGT	313
TGCCGC	312
TCGTCA	311
ATGATC	311
ACTGTA	311
AAGGTT	310
AAAATA	310
AAGCTC	309
TAACGG	308
GACATT	308
TACAAG	307
GAGAAC	307
TCACCT	306
TCAACT	306
GACGGG	305
ATACCA	305
CCGTGA	304
AATAAC	304
TAATTT	303
CCCTCT	303
CCCGTT	303
ACACCG	303
GTGCGA	302
GACCAT	302
CATTTT	302
TTTGCC	301
CGAATT	301
CAAGGG	301
TACCGC	300
GTGGAT	300
GGTCGC	300
AGCCGT	300
ACCAAG	300
TCCCCG	298
TCACAT	298
TAAATG	298
AGATAT	298
TAAATC	297
TACCAC	296
ACCGAG	295
GTCAGT	294
CTCTGC	293
CCCTGT	293
CAAGTC	293
TCCCAA	292
GAAAAG	292
TAACTT	291
CCATTG	291
CAACTC	291
ACACAG	291
AAACCC	290
GTTAAT	289
CGAAAA	289
CCGAAT	289
TTGTCC	288
TAAATA	288
GAGAAT	288
ACTAAT	288
AAGAAC	288
AACCAA	288
TAGAAA	287
CATTCC	287
AACGGG	287
NNNNCA	285
TATCCC	284
CGTTTA	284
GTTTGC	283
CATGTT	283
CTTCAA	281
CATAAT	280
CAGCCC	280
TTCCGA	279
TAGACC	279
TAAAAC	279
NNNNCC	279
GATAAT	279
CACCGC	279
AGTGAC	279
CGTTCT	278
ATTCAC	277
ATCCGT	277
TGTTAA	275
TCCACC	275
GTTGTC	275
CCTGTG	275
CCGTAT	275
AAAATC	275
AGCCAC	274
GTCTGT	273
AATAAG	273
AAAACC	272
AGATGA	271
TCACTG	270
GGCCCA	270
CCATCA	270
CTTACC	269
CTGGTC	268
CGACCC	268
ATGTTT	268
AAGAAG	268
AAATCC	268
TAAACT	266
GTGAGC	266
AGCCGC	266
TCCCGT	265
TACCTT	265
TAAAGG	265
TAACTC	264
GTTTGA	264
GTATGT	264
GTACGA	264
GACAGG	264
CTATCT	264
TAACTA	263
NNNNNC	263
CTTATT	263
CCAAAC	263
ACCACT	263
CTAATC	262
CGTCAC	262
CGGTCT	262
AGGCCA	262
AATGAG	262
TTTGCA	261
CATATT	261
ACCCCA	261
AACCCC	261
TACGTT	260
GCCCCA	260
AAATAA	259
TGTTAT	258
TCACAA	258
GTAACA	258
CCCCTC	258
AAATCA	258
ATATAA	257
TCCGCC	256
GTTTCA	256
CGGTGC	256
CCACCA	256
CAGTTA	256
GCGAAC	255
TAAGAG	254
GGCCAC	254
CTGCTC	254
CCATAT	254
GACCGT	253
CCCTAT	253
CAGTTT	253
ATCCAA	253
AGGTAA	253
CCACAA	252
ATTCCC	252
TACACT	251
CGCCGC	250
CAGGTG	250
GGCAAC	249
TCACCG	248
TACCCT	247
CGTTAT	247
CGTCCA	247
TCCAAC	246
ATTGAA	246
AAACAT	246
TAACGT	245
GCCGAG	245
CGGTTC	244
CCCCGC	244
ATCAAA	244
AAAGCG	244
TACCAG	243
TAAGCG	243
ATTTTG	243
AATCAC	243
TTAGCC	242
TACGGG	242
ATGGTA	242
ATATTG	242
CGAAGA	241
CCCCAC	241
AGATTT	241
AAATGT	241
AAACGG	241
CCGGTG	240
CCCATC	240
ATTTGC	240
AAGAAT	240
TAGAAT	239
AATGTA	239
TTTACA	238
CTAAGT	238
AGAATC	238
ACACCA	237
AACCGC	237
AAGACC	236
CCCCCA	235
CCCCAA	235
ATGGAA	235
ATCCTC	235
TCAGTT	234
CGACAA	234
TTCCTC	233
AATTAA	233
GAAGGG	232
CGACCT	232
ACCTAT	232
ACCCAC	232
ACACTA	232
CATAAA	231
ATCCAC	231
AGAGGG	231
ACTTTT	231
AAATCT	231
AAAAGT	231
TCCCAC	230
GGTGTA	230
GGAAAA	230
TTTTCT	229
GTAAAT	229
GAAAAC	229
CTTCCC	229
ACTAAA	229
TCCCTT	228
TAACTG	228
GTGTAC	228
GGAAGT	228
CAAACT	228
AATCCA	228
ACCCTG	227
TCCGTG	226
CGGTCA	226
ATCCGA	226
TACCGG	225
GCCGTT	225
TTTTAG	224
ACCATT	224
CCCCAT	223
CACGTG	223
TCCGTT	222
TCCGTA	222
GGAAAT	222
GACGTG	222
ACTCCC	221
TCAGTA	220
TAAGAT	220
CGCACA	220
AGACGT	220
TAAGGT	218
CTCTCC	218
TGACTC	217
TCGCCC	217
TCCCTC	217
CAAAAG	217
ATTTAC	217
ACCTCT	217
AAATAT	217
TAACAG	216
GCCACA	216
GCAACT	216
ATCTGC	216
AACGAG	216
AACCAC	216
TACATG	215
TAAACC	214
CCCGTG	214
CCCCGT	214
GTTCGA	213
CCCGGT	213
CAAGGT	213
ATTTAT	213
AATGGG	213
TACCCA	212
CTTCCA	212
AAAAGG	212
GAGAAG	211
CCGTGT	211
CCCGGG	211
ATATGT	210
AGAGTT	210
TCCATT	209
CCAGGT	209
AAAGTA	209
TCCGCG	208
GACACC	208
GAACCA	208
AAGGGG	208
TTAGCA	207
TGATGA	207
CACGTT	207
AGATAA	207
AAAGGT	207
GATAAA	206
ACCGCG	206
ACATGT	206
TTCTCC	205
TGCCAT	205
GTCTCA	205
GGCACA	205
ACCCCG	205
TCCAAG	204
TCAATT	204
ATTGCA	204
AATTAT	204
TCCCAG	203
TAACCT	203
CCTTCT	203
CCGAAA	203
CACTGT	203
TAGGTG	202
GGTGTT	202
GCCAGC	202
GACGAG	202
CGGCTC	202
CAAATG	202
CAAACA	202
ACATCA	202
AACGTT	202
TCCCGC	201
GTCGTC	201
GTCATT	201
GCTAAA	201
CGTTGC	201
CGTTGA	201
CACGGG	201
AGAGGT	201
ACCACC	201
ACACTC	201
AAAGAT	201
TACCTC	200
ACTTTC	200
AACCAT	200
AACCAG	200
AACATT	200
GGACAA	199
ACCATG	199
GGTTGA	198
CACCGT	198
ACCCTC	198
AATTCA	198
TTTAAT	197
TTGGCC	197
GCGACC	197
CACAGC	197
AGACAT	196
ACAAAC	196
AAACAC	196
TCATCA	195
TACGGT	195
AACACC	195
TGTGTA	194
CCCTTT	194
ATCATC	194
AATCCC	194
TGGACA	193
CCAAGT	193
ATAACA	193
ACCCAG	193
TATCAA	192
CCTTCA	192
CAATCC	192
ACAGCA	192
TACCTG	191
CGACAT	191
TATCTT	190
GACGGT	190
GGTTAT	189
GACCAG	189
AGTCGC	189
AAGGTC	189
TTCCAA	188
TGGTCC	188
GTGGTA	188
GCTTAT	188
GCAAAG	188
CAACCA	188
ATATTA	188
AATATA	188
TGTCCG	187
CTGTGA	187
ATACAA	187
TCAGGG	186
TACTCT	186
GTTCAC	186
GCCCAG	186
ACTTTG	186
TGACGC	185
TCTCCC	185
GGGTGT	185
GAAATT	185
CTATGC	185
CCGTTG	185
ACTTAT	185
TGTTCT	184
TCAGAT	184
TAGCCC	184
TAATGT	184
GTCCTG	184
GCCGGT	184
AGAGAA	184
ACCCGC	184
TTCAAT	183
TTCAAA	183
TGCCCT	183
ATCAAT	183
CTCATC	182
ATCAGA	182
ACGAAA	182
AATTTG	182
AAACAG	182
GGCTCC	181
CGGATT	181
ACCCCT	181
ACATAT	181
AATTCT	181
TAACCG	180
GTCGTA	180
ATGATA	180
ATGAGA	180
TCCCGG	179
GAAAGT	179
CTGCCC	179
CCTCCG	179
AGTGGT	179
TCACTA	178
CAAACC	178
ACATTA	178
CCAGGG	177
AATATG	177
TCTTTT	176
TAAACG	176
GGTTAC	175
GCCCGG	175
TAATCC	174
GGTTGT	174
CTATCA	174
CAGTGT	174
CAATTC	174
AGATTC	174
TGCCGT	173
GCCCTC	173
GACCTC	173
CGTTCA	173
ACGATG	173
AATTGT	172
TGAGTA	171
NNNNGT	171
CAACCC	171
TCCGGG	170
GTCAGG	170
GGGTCC	170
GGCCGT	170
GCAGGG	170
GACCGG	170
CCAACC	170
AAAACT	170
TTTTTG	169
TTTTTC	169
TAATAT	169
GTTAGA	169
ATCTCT	169
AATCTA	169
TCTAAT	168
TATTCT	168
CACAAG	168
AGCCAT	168
GTCTAT	167
GTAACG	167
CTATAT	167
CCCCTT	167
CCAGCG	167
CAGAGT	167
AGACCC	167
ACTTCT	167
ACCGCC	167
AAGACA	167
TACGAG	166
GGGTAA	166
TGTCTA	165
TGACGG	165
TCTTCT	165
