SampleNumber	0	31	32	33
SampleName	None	SA14	SA15	SA16
L6T1101	1.311433	47.08898	27.52177	24.07782
L6T1102	1.327049	47.0892	27.61344	23.97031
L6T1103	1.322687	47.12683	27.70774	23.84274
L6T1104	1.328473	46.98344	27.7945	23.89359
L6T1105	1.322125	46.93254	27.84973	23.89561
L6T1106	1.345977	46.84713	27.99013	23.81676
L6T1107	1.335089	46.80072	28.12882	23.73537
L6T1108	1.338052	46.73428	28.25975	23.66792
L6T1109	1.35154	46.81468	28.36579	23.46799
L6T1110	1.371406	47.11706	28.34681	23.16472
L6T1111	1.38008	47.3908	28.25093	22.97819
L6T1112	100	0	0	0
L6T1113	100	0	0	0
L6T1114	100	0	0	0
L6T1115	100	0	0	0
L6T1116	100	0	0	0
L6T1201	1.278546	47.04635	27.13103	24.54407
L6T1202	1.32991	47.13465	27.04365	24.49179
L6T1203	1.290352	47.15167	27.08327	24.47471
L6T1204	1.29485	47.08529	27.15699	24.46286
L6T1205	1.312147	46.95291	27.28947	24.44547
L6T1206	1.322414	46.87544	27.40835	24.39379
L6T1207	1.329552	46.81185	27.48147	24.37713
L6T1208	1.354046	46.75105	27.57257	24.32233
L6T1209	1.351172	46.75236	27.73864	24.15783
L6T1210	1.392115	46.99174	27.75265	23.8635
L6T1211	1.410406	47.30131	27.76198	23.52631
L6T1212	1.428608	47.24661	27.76722	23.55756
L6T1213	100	0	0	0
L6T1214	100	0	0	0
L6T1215	100	0	0	0
L6T1216	100	0	0	0
L6T1301	1.325579	47.12439	27.47178	24.07825
L6T1302	1.346422	47.18754	27.51747	23.94857
L6T1303	1.346783	47.24575	27.56514	23.84233
L6T1304	1.345613	47.21106	27.63152	23.8118
L6T1305	1.320628	47.05135	27.83164	23.79638
L6T1306	1.324542	47.02276	27.92968	23.72301
L6T1307	1.32003	46.95792	28.10495	23.6171
L6T1308	1.330607	46.80671	28.26111	23.60157
L6T1309	1.359479	46.71502	28.41089	23.51461
L6T1310	1.380908	46.85738	28.52958	23.23213
L6T1311	1.397979	47.22061	28.58705	22.79436
L6T1312	1.709668	47.05751	28.53258	22.70024
L6T1313	100	0	0	0
L6T1314	100	0	0	0
L6T1315	100	0	0	0
L6T1316	100	0	0	0
L6T2101	1.375795	47.00818	27.39034	24.22569
L6T2102	1.409556	47.05423	27.39296	24.14326
L6T2103	1.35118	47.10639	27.41995	24.12248
L6T2104	1.358238	46.92246	27.57287	24.14643
L6T2105	1.356404	46.87085	27.62984	24.1429
L6T2106	1.377869	46.72763	27.78148	24.11302
L6T2107	1.38771	46.65283	27.90078	24.05869
L6T2108	1.359201	46.5761	28.06576	23.99894
L6T2109	1.4419	46.64189	28.14426	23.77195
L6T2110	1.524504	46.8333	28.13867	23.50353
L6T2111	4.111813	45.72449	27.30652	22.85718
L6T2112	5.202356	44.77986	27.1538	22.86399
L6T2113	100	0	0	0
L6T2114	100	0	0	0
L6T2115	100	0	0	0
L6T2116	100	0	0	0
L6T2201	1.375038	47.02679	27.01438	24.5838
L6T2202	1.420707	47.06219	26.98589	24.53122
L6T2203	1.348554	47.09941	27.05459	24.49744
L6T2204	1.322665	47.01367	27.13237	24.5313
L6T2205	1.330113	46.94505	27.24168	24.48316
L6T2206	1.335208	46.8384	27.32412	24.50227
L6T2207	1.346562	46.783	27.41478	24.45566
L6T2208	1.352977	46.67713	27.59326	24.37664
L6T2209	1.387979	46.61002	27.74667	24.25532
L6T2210	1.428148	46.85795	27.77667	23.93724
L6T2211	1.483553	47.11089	27.76468	23.64088
L6T2212	100	0	0	0
L6T2213	100	0	0	0
L6T2214	100	0	0	0
L6T2215	100	0	0	0
L6T2216	100	0	0	0
L6T2301	1.337687	47.04987	27.38471	24.22773
L6T2302	1.346821	47.15638	27.34927	24.14753
L6T2303	1.353109	47.15246	27.40652	24.08791
L6T2304	1.3333	47.15067	27.47738	24.03866
L6T2305	1.348108	47.06374	27.54573	24.04242
L6T2306	1.344624	46.95047	27.69472	24.01019
L6T2307	1.343066	46.84458	27.80812	24.00423
L6T2308	1.341569	46.7491	28.02083	23.88851
L6T2309	1.342337	46.58176	28.17427	23.90162
L6T2310	1.420097	46.75235	28.29791	23.52964
L6T2311	100	0	0	0
L6T2312	100	0	0	0
L6T2313	25.58032	35.48115	21.45996	17.47857
L6T2314	100	0	0	0
L6T2315	100	0	0	0
L6T2316	100	0	0	0

### Most Popular Unknown Index Sequences
### Columns: Index_Sequence Hit_Count
AGNNNN	18285814
ATNNNN	10977383
AGNNCC	9643517
CCNNNN	9278476
ATNNCA	5862371
CCNNCC	4825645
AGNNNC	4301873
AGNNCN	2620814
ATNNNA	2611361
CCNNNC	2184299
ATNNCN	1576442
CCNNCN	1313342
AGNTNN	1148752
AGNTNC	1008755
ATNTNN	689360
ATNTNA	607884
CCNTNN	592064
CCNTNC	521388
CGNNNN	411445
NNNNNN	241940
CTNNNN	209051
NGNNNN	178751
CGNNCC	166788
CCCGTC	139162
AGTNNC	123978
NTNNNN	110400
CAGTTC	102697
TGTCAG	102136
ACNNNN	97265
AGNNCA	96520
CGNNNC	95594
NCNNNN	87555
ACNNCC	85365
ATGNNA	77984
AGTCAG	76755
CTNNCA	66204
CCGNNC	63202
CGTCCC	60729
ATGGTA	56187
AGNNNA	55339
ATGTAG	53336
CANNNN	52560
AGNNTC	51542
ATGAAA	50795
CGNNCN	49435
CCNNCA	47948
TGNNNN	45085
AAGTTC	42765
AGNNAC	40522
CANNCC	39991
CTNNNA	38360
CATGTC	37965
CCNNTC	35689
ATGCAG	35020
GTTCCG	32828
AGNNGC	32682
ATNNTA	32420
AGTCCG	31406
AGGTTC	30830
AAAGTT	30822
GGNNNN	30367
CTNNCC	30245
AANNNN	30167
CCNNNA	29351
ACNNCA	28572
ATNNAA	28310
CCGAAC	27421
AGNNCT	27172
ATAAAA	25977
CCNNAC	25837
CCGGTC	25401
CTNNCN	25227
TCNNNN	24834
AGTAAC	24201
ATTCAG	23902
TTNNNN	23338
ATNNCC	21775
CGNTCC	21555
ATNNCG	21520
TAAGTT	21327
GTNNNN	20574
AATGTC	20328
AGNNNT	20121
CGTTCN	20001
CGNTNC	19732
ATTGTT	19360
AGTCAC	19145
CGNTNN	18913
AGNNNG	18170
AGNNCG	18082
TANNNN	17938
GANNNN	17765
CGTNCC	17405
GAAGTT	17210
CANNTC	16520
ATGCAA	15986
AAAATT	15762
ATTGTA	15701
AGNNGN	15423
AAAAAA	15276
NNTTCC	15191
AGNNTN	15188
AGNTCA	14451
AGTGTC	14374
ATGATA	13979
ATTCCG	13513
AGNNAN	13180
ATGGTC	12816
ATNNNT	12808
CCNNTN	12801
AGNTNA	12707
NNNTCN	12605
TAAATT	12298
ATGGAA	12218
AGTCTC	12173
CTGTCN	11620
AATGTT	11491
AGNCNC	11483
CCTCCC	11417
ATNCNA	11416
AGTGTT	11227
ATNNGA	11175
ATNNNC	11139
NNGTCN	11048
CAGGTT	11012
NNNTNN	11008
ATNNTN	10743
AGTNCA	10660
GTTCTG	10469
CCNNNT	10351
CTNTNN	10319
TGNNAG	10153
CAAGTT	10012
ATTGTC	9978
ACNNCN	9942
ATNNAG	9929
NNTTCN	9904
ATAGTA	9740
CCNNAN	9623
TAAAAT	9567
CCGCAC	9547
AGTGAC	9449
CTNTCA	9346
ATNNAN	9319
AGTTTT	9244
AGTNGC	9180
NNGTCA	9030
CCNNCT	9011
CCGGTT	8954
ATGCTA	8705
CTNNNC	8649
CTNTNA	8586
CCGGAC	8578
TACCTT	8484
ATNANA	8248
TCNNCC	8177
CAGGTC	8139
AGNNAG	8113
ATAGTT	8080
ATAACA	8028
CANNNC	8024
CCAAAC	8000
AGNANC	7793
NNGTCC	7719
CGTTTC	7596
CCGAAA	7318
AAGGTT	7218
GTCCCG	7208
CTGNCA	7181
AANNTC	7156
GAAGAG	7070
CCCGTT	7049
AGNCNN	6911
ATNNNG	6848
ATTTCN	6807
GAAAAG	6782
CCNTCA	6731
TAAAAA	6580
GTCAGA	6562
AGTTAA	6535
AGTATC	6531
TAACTT	6507
CCGACA	6437
CCGATC	6427
CCNTNA	6328
AGTNTC	6311
AGTTTN	6309
AGAACC	6301
ATGGTT	6270
AGNANN	6270
GCNNNN	6168
ATAATA	6114
CCGCTC	5995
ATNCNN	5983
AGTCTT	5951
AGTCGC	5933
CCNCNC	5886
AGNTTC	5863
TACGTT	5787
CCGNCA	5667
ATNANN	5641
ACNNNC	5592
CCNGNN	5564
AGAAAC	5501
CAAAAA	5436
GAAGTG	5388
ATGAGA	5295
ATTTTA	5284
CCAACC	5231
CCCCCC	5230
AGTAAA	5222
ACNTCC	5149
GAAAAA	5121
CGTTAC	5054
AGTGGC	5019
AGAGTT	4943
AGNTAC	4942
CCNNGC	4930
TAACAT	4925
CCNNCG	4827
TGNNNT	4795
CCGAAT	4774
CGTTCT	4761
AATTTC	4759
CCNNNG	4749
ATGCGA	4678
CCAAAA	4596
CANNTN	4568
ATACAA	4469
ATNNCT	4411
TACATT	4401
AGAAAA	4395
AGGGTT	4372
ATNTCC	4286
ACNTNN	4272
TTNNNA	4241
GGNNNC	4221
CAAATT	4218
AGTCGT	4216
ATGGGA	4187
GACGTG	4171
ATGNTA	4137
TAAAAG	4131
AGTTAN	4109
ATNNGN	4058
TGNNAN	4056
AAAGTG	4013
AGTTTA	3974
TACCAT	3950
GGNNCC	3950
CCNNAT	3928
AGTATT	3926
AAACTT	3926
NNNNCN	3915
ACNTNC	3887
GAAAAT	3880
AAAAAT	3866
AGTAAT	3855
GGTCTG	3836
GACGAG	3833
CCGNTC	3827
CCGATT	3818
CCNNAA	3784
CCNANC	3765
TATGTT	3723
CCNGNC	3723
TTTCAG	3717
ATNGNN	3675
TCNNNC	3653
AGTNAC	3618
CCCCTT	3609
GTNNCG	3606
CTGTTA	3604
GAAATT	3596
CCTTCN	3592
AAAGTA	3527
TANNAT	3507
AATATT	3479
AANNAA	3475
GAACAG	3472
TGTCGA	3461
AANNNC	3444
AGTCAT	3437
TTGGTA	3409
AGNNTT	3408
GACCAG	3405
ATAGAA	3401
CCNCNN	3389
CAAAAT	3372
TTAGTT	3360
AGTAGC	3355
AGTGTA	3353
ATCCTA	3349
CCAGTT	3326
CCNNTT	3325
AGNNAA	3320
AGNTCT	3297
CCGCTT	3254
AGTCAA	3243
AGTNNA	3240
ATCAAA	3231
AACGTT	3231
CTGGTA	3213
TAAGAT	3207
ATNTCG	3194
CCNANN	3185
AANNTT	3167
ATCGTA	3155
AGTNCT	3140
CCAAAT	3139
CCGNAC	3113
ATCCAA	3105
AGNTNG	3060
AAAATA	3059
AGTACA	2990
AGNNAT	2987
AGNTNT	2950
GACGTT	2942
TAAATA	2937
ATTTTT	2909
CTNTCC	2904
ATNNTT	2901
AAAAAG	2896
AGTCTG	2883
TCCCTT	2857
TAAGTG	2839
CTGACA	2804
CGTNNC	2773
TTNNAA	2766
CCGTTT	2764
ATNTNC	2757
TTCCGT	2752
ATGTTN	2739
CCNACC	2699
CACCTT	2689
TGNNNC	2685
TGTCTT	2683
CCGGCA	2671
ATGNAA	2669
ATNTTA	2660
AGGTCN	2660
AANNTN	2660
GAAGGG	2656
CTGTCG	2631
ATNACA	2631
CCGGGC	2607
GTCCGA	2599
GANNAG	2596
AGTGCA	2595
AGTTGT	2588
AGTTAG	2581
AGTTAT	2572
GTNNNA	2553
AGTNCG	2537
TTTCTG	2531
ATNNTC	2530
GAAGAA	2515
CATGTT	2506
TAAGAG	2505
CACGTT	2469
ATACTA	2464
AGTAAG	2462
TACAAT	2448
CAGACC	2445
TAAGTA	2423
NNNNCC	2421
ATTNCA	2412
ATAATT	2397
ATTTTC	2385
TANNNT	2382
CCAATT	2380
AAAGAG	2366
CTTTCC	2336
ATGNGA	2336
ATCATA	2332
CTGAAA	2324
AGTCGA	2314
GACCTT	2308
TTGCTA	2307
CCCCTC	2299
TTTGTT	2296
CCNGTC	2293
TAACAG	2284
TCNNCN	2279
AGNNGT	2271
CCGTAA	2269
AGCCGT	2262
AGTCCA	2244
AANNNA	2243
TGTTTC	2239
AGTGCT	2239
ATCAGA	2228
GACCTG	2222
GAAGAT	2206
AGTGAG	2206
GACAAG	2198
CCTNCC	2186
TGTCTG	2168
TAACAA	2163
AGTGTG	2161
CTGNCC	2140
AAAAAC	2123
CAAAAG	2110
CAGTTT	2106
ATNGNA	2105
CCNCCC	2100
AGNNGG	2100
CGTCTC	2097
TACGTG	2092
CAAAAC	2092
AAAGTC	2082
AGTGGG	2081
TGTCTC	2080
TGNNAT	2073
AGGTTT	2060
TTNNTA	2059
GAGGTT	2053
AATTTT	2044
GATCTG	2035
CGNNTC	2034
CCGCAT	2029
AAAGGG	2021
CAACTT	2012
ATTGTG	2011
CTCCCG	2009
CTNTNC	2006
GANNAT	1984
GAAATG	1979
TGCAGA	1974
GAACAT	1972
GACGGG	1970
CCGTTN	1965
CCGGTA	1961
CCCGTN	1960
CCNNAG	1954
AAGTTT	1931
TTAGTA	1921
CCNTTC	1920
ATGTAN	1918
GAAGTA	1913
CCGAAG	1911
TGTCAA	1901
TGNNCC	1892
TGNNNG	1891
ATCGTT	1890
TACCAG	1889
AGTCGG	1887
CCGAGC	1884
CTGCCA	1862
TAAGAA	1861
ATNAAA	1856
GACCGG	1855
ATGACN	1855
TTGCAA	1854
CCGCCA	1853
AGCGTT	1844
CGGTTC	1839
GTGGTA	1832
AGNGNN	1831
TAAATG	1829
CCGCCG	1816
CCGGAT	1798
AAAGAA	1792
ATCCTT	1789
CCGACN	1785
ANNTCC	1777
TCCGTT	1771
ATNTNT	1761
TTGAAA	1757
TANNAG	1755
GANNNT	1751
GAACTT	1751
ATNNAT	1749
ATGNCG	1743
AGTCAN	1742
AGTCCN	1740
TTAAAA	1733
TACCTG	1732
CGTTCA	1732
GGNNCN	1730
AGNNTA	1714
NNGNNN	1705
CAACAT	1702
TGTCAN	1698
GGTCAG	1697
GATGTT	1695
TANNAA	1677
CCCGTG	1677
GANNNG	1676
CGNNAC	1672
AGTGAA	1664
TAGGTT	1662
CCNNGN	1658
AATCTT	1658
CCCGCC	1652
CCCATT	1652
CAGTTN	1651
GACCAT	1649
NNTNNN	1647
ACTTCN	1647
CCNTAC	1640
CANTTC	1640
ATGTTC	1639
CACATT	1636
GGTCCG	1622
CCCGTA	1618
CTGGTT	1607
CTGTAA	1606
CCGCCN	1599
CCTGTC	1585
AAGGTA	1576
ACGGTT	1574
GTNNAA	1573
ATAGTG	1572
ATCCCA	1571
AGTGAT	1568
CGTGCC	1567
GAACAA	1564
CCGGTG	1563
ATNTNG	1563
CCGCGC	1558
ACAGTT	1558
CCGNNA	1556
AGNCCC	1556
CANTNN	1553
CTGGCA	1544
ATTNCC	1543
TANNAN	1540
ATGTTT	1540
TGTGTT	1537
TTGGTT	1535
AGNTGC	1531
TCAGTT	1519
CAAGTC	1511
AACCTT	1508
AATGTA	1505
TTGATA	1504
GAACTG	1498
CCGACT	1498
CCGCAA	1497
TGNCAG	1496
CCGCAG	1491
TACGAT	1490
AANNAN	1479
CTNNTA	1478
TANNTT	1477
GAAAGG	1477
GTCCGG	1459
AGCCCC	1454
CACCAT	1452
AGTCCT	1451
AGAAAT	1451
CGTTCG	1450
CGTCAC	1443
ACAAAA	1441
ATNGTA	1440
CCCCAT	1438
CAGNTC	1436
AGAAAG	1434
AGCGTA	1431
GANNAA	1425
CTNNAA	1420
AAATTC	1420
AAAGAT	1420
TCAATT	1419
AGTTGG	1419
AGCCTT	1418
ATCGAA	1417
GTNNCN	1416
TCCCGA	1411
CCGGCT	1410
CAAGAG	1409
CCGTAN	1403
AAACAT	1395
CCAGTC	1393
CCGTAT	1389
GANNAN	1388
AAGGTC	1387
CCGGAA	1385
ATNCCA	1383
CCAAAG	1381
ACCCTT	1379
GGTTTC	1376
AAACAA	1376
AANNCC	1372
ATTCAA	1365
TTNNCA	1363
GAAATA	1356
TTNNNT	1354
CCGGAG	1353
CCCCAC	1353
TTAATA	1343
AGNNGA	1340
GGTCTC	1338
CCGATA	1336
TACCAA	1334
CANTNC	1333
ATGGTG	1325
TTCCTA	1313
CCNTNT	1309
ATNTAA	1308
AAATTT	1306
ANNTCA	1290
ATACTT	1288
TGTCAC	1285
CCACTT	1284
AGAACA	1281
TACGAG	1280
CTGNNA	1276
TACAAA	1275
GTNNNT	1275
CGTACC	1273
GANNGG	1271
CCGTTA	1269
ATTTAA	1269
TCNNAT	1267
TGNNTC	1266
AAAATG	1266
GTGAAA	1265
AGGGTC	1263
ACCGTT	1263
CCACAC	1261
GGTCCC	1260
GTAGTT	1259
CAAGTG	1259
TGNNNA	1256
GTNNGA	1255
ATGGTN	1254
CATTTC	1250
TATCTT	1247
GTNNCA	1243
CCACAT	1240
GACATT	1239
CANNAA	1239
AGTTGA	1238
GACAGG	1237
AGTAGG	1236
CGTGTC	1229
AGNTCG	1226
GAAGTC	1225
TAACTG	1223
AAACAG	1217
CANNAC	1211
AGTCTA	1205
TCAAAT	1201
TCNTCC	1193
AGAGTC	1192
GGTGTC	1186
AAAACA	1182
TGTTAC	1177
ATTATT	1176
ACNNNA	1175
TCGTCN	1174
CGGTCN	1174
TACCTA	1173
ATGNCT	1167
GTAGTA	1166
AGAATT	1162
ATNGCA	1161
AGATCA	1157
ATATAA	1156
TGNNTN	1149
TACGTA	1149
CCNAAC	1147
CAAGAT	1146
CCTTTC	1135
ACGTTC	1135
TCACTT	1133
AGTTTG	1133
TTNNTN	1132
TAACTA	1131
AGTTGN	1128
AAAGGT	1126
TACAAG	1124
TTTCAA	1117
TANNNG	1116
ATGAAN	1116
TCTTCC	1115
GACCAA	1114
ATCACA	1111
TCCCAT	1109
AANNNT	1108
ACAATT	1106
ATTCTT	1105
ACTTCA	1102
ATTCGA	1100
AGNCAG	1096
GGTCTT	1095
TGTCCC	1092
AGTATA	1092
AGCNCC	1091
CCNTCT	1090
CCCACC	1090
AGNACC	1086
NNNNCA	1083
GTAAAA	1082
TCCATT	1079
CCNNTA	1073
TTNNAN	1069
CCCAAC	1064
ATTGCA	1062
AGATTC	1052
CCGCCT	1047
ACNNTC	1046
GACAAA	1044
TTTCTT	1042
CAGAAA	1042
TGTCAT	1032
GACATG	1032
CANNAT	1030
TTNNCN	1027
CCGNCT	1027
AGCCAG	1027
CCNGCC	1026
GACAAT	1025
TTCCTT	1024
AACGTG	1020
ATTTCG	1019
AGAGAG	1017
CTGCAA	1015
CAGTTA	1013
NNGTNN	1010
TACATA	1009
GACGAT	1007
AACATT	1006
CACAAT	1004
ATAAAT	1004
CCAATC	1003
CAACAG	1002
AGGTTA	1002
AGTATG	1001
GGCCGG	996
CCGGGG	996
ATGCCN	994
CCCGAT	990
AGTACT	990
AGGNCC	990
ATAAGA	977
ATACCA	972
TGNNTT	966
CCCAAT	964
TATCAG	963
GACGTA	963
TANNNA	959
CCCTTC	955
NNTTNN	954
AGACAG	951
GACGAA	947
ATAAAG	943
TCNNNT	940
CCGAAN	939
ACNNTT	934
ACNNAA	934
TCNTNN	931
AANNCA	931
TGTATT	929
CCNNGT	928
CTGATA	927
CNNTCC	926
GCNNAG	923
CGCTCA	920
TATCTG	918
NANNNN	918
ATTATA	918
AAAAGG	915
TCNNAG	912
GGTTAC	906
AGCAGA	905
TCGNCC	901
TTTGTG	899
TTCGTA	899
ATGCAN	897
CCAGAT	895
CCNNGG	893
TACATG	891
ATTCCA	891
AAGTTA	891
AANTNN	890
AACCAG	890
CCAGTG	886
ACAAAT	885
GGNNNG	883
GAACGG	883
CCGNCG	882
TATATT	881
GGNNGN	881
CAGAAC	880
GTCAGG	879
GGTGTT	879
GGTCAC	879
CANNCN	878
GTCCAA	876
GANNNA	876
ATCATT	874
ATTAAA	869
TTGCAG	868
CGTAAC	868
GGTTGC	864
CGTCCN	862
AGTACN	862
TTTGTA	861
CACGTG	860
CGNCCC	859
AGANCC	859
CAAATA	855
AGTGCG	855
AGCGTG	854
AACCAT	854
CCGTGA	851
AGNNTG	851
TTCAGA	850
NNNTCC	850
CGTCAG	850
GTNNNG	849
CTGTTC	849
CACCAG	842
CCNTNG	841
CCAGAG	841
TCNTNC	840
ATNCAG	835
AGAGTG	834
TTGTTA	833
CCNGNT	833
AGACAA	833
CAACAA	832
TCACAT	830
AGCCAT	829
ACGTCN	827
TGTGTC	826
AATGTG	825
AANNCN	824
ATAGAG	818
AGACTT	817
ATTACA	813
TCGTCA	812
TGNNAA	811
AGACAT	808
AGGTCT	807
CAGTCA	806
AGTAAN	804
GCTCTG	801
ACNTCA	799
GGNNGC	798
TTACAA	797
CAAATG	796
GCAGAG	794
CTGCTA	794
TTCGTT	790
GCCGTG	788
ATTCTA	786
ATGGCN	786
TGNANN	785
CGNNTN	784
TGTNAG	782
TGNNAC	776
CCACCC	773
AANNTA	770
ATAGGA	769
ATACAG	766
AACGAG	765
AGNGCC	764
TGNCNN	762
CCGGCN	762
AGTAGA	760
GTNNTA	757
TTACTA	756
CTAAAA	756
AGAATC	755
GANNGN	754
AANNAT	753
TGTGTG	751
CTGGAA	751
ATTTCT	750
TTNNAG	748
TCNNTT	747
AGTGGT	747
CCCCTG	742
AGCGAG	741
CAAACC	739
TGNNCN	737
CCGNGC	735
ATNTAG	735
ACNNAC	735
ACACTT	732
AACAAA	730
TGCCTT	728
TGTAAC	727
ATACAT	727
AANTTC	727
ACCCAT	725
CTGTAG	723
TTNNCG	722
CGCTCC	722
CAAGAA	722
ATNNTG	722
GGAGTT	721
CGNNAN	719
TTTCTA	718
TTCATA	716
AANGNN	715
ATCGTG	714
GGNNTC	713
CANNTT	713
ACCGTG	713
TCTCAG	710
GGTCGC	708
AGNAAC	708
GGNNAC	706
GCCCTT	706
CGTTGC	705
TTCCAA	704
GGNNNT	704
CCCCAG	704
AAGAAA	700
AACCAA	700
GCNNAT	699
CCGGGT	698
CGNNNT	696
AGAGAA	694
AANNAC	694
ATGTAT	693
ACGACA	692
GTAGAA	690
CGGNCC	686
AGNANG	686
GTNCCG	685
AGNCNG	683
CAAGTA	681
ACTTTC	681
TGTATC	680
CANGTC	679
ATCCGT	676
ATCCAG	676
TGTTTT	675
TANNTN	675
CGNNCT	675
ACCATT	675
TAAGTC	672
CCCATC	671
TGNGNN	669
GCCGAG	669
AGAGTA	669
GTTCTT	666
ACGAAA	666
TCNNAA	664
CANNAN	663
ACCCAG	663
AGCCTG	662
ATGNCC	661
ATCCGA	661
ATCCAT	660
ATATTA	659
GGTAAC	657
ACAGAG	656
GATGTC	654
AGTNAG	654
GCCCAG	653
TATGTG	652
CTGGTC	651
CACGAG	651
ATGNAG	651
ACTCCC	651
CACAAG	649
AGCGGG	649
AAGTTN	649
CTTTCA	647
ACAGAA	642
AGACAC	641
AGCATT	639
GTCGTA	637
AGATAC	636
AAACTG	634
CTGTCT	633
ATCNCA	632
GTCAAA	631
TTNNGA	630
CAGGTA	629
AGTGCN	628
TTAATT	627
TCAAAA	627
AAACTA	627
GCCCGG	626
CCGNTT	626
TGAGTT	625
CAGAAT	625
CANNNT	624
TACGAA	623
CCGAGG	623
GTGGAA	621
GGNNGG	620
ACACAT	619
TTAGGC	618
CGTGAC	617
AGNCNT	616
CACCTG	614
CAATTC	613
ACAAAG	613
TANNGT	612
CCTTAC	612
CANGNN	612
