SampleNumber	0	25	26	27
SampleName	None	SA4	SA5	SA6
L4T1101	1.339036	36.54106	28.50304	33.61686
L4T1102	1.31558	36.29604	28.77023	33.61815
L4T1103	1.286192	36.193	28.85903	33.66178
L4T1104	1.266177	36.23514	28.87936	33.61932
L4T1105	1.261027	36.2459	28.86557	33.62751
L4T1106	1.204651	36.10894	28.94994	33.73647
L4T1107	1.181286	35.98748	29.09541	33.73582
L4T1108	1.181668	35.97726	29.16478	33.6763
L4T1109	1.17013	35.91432	29.21979	33.69576
L4T1110	1.148182	35.96202	29.15069	33.73911
L4T1111	1.142697	35.88837	29.16801	33.80092
L4T1112	1.092565	35.83157	29.21967	33.8562
L4T1113	1.069274	35.68697	29.4008	33.84296
L4T1114	1.032793	35.6624	29.42182	33.88299
L4T1115	0.9768996	35.63756	29.46911	33.91643
L4T1116	0.9075274	35.64018	29.39203	34.06026
L4T1201	1.375623	36.8551	28.12486	33.64441
L4T1202	1.3305	36.72095	28.3394	33.60915
L4T1203	1.296816	36.63543	28.37596	33.6918
L4T1204	1.275472	36.65648	28.41082	33.65723
L4T1205	1.265716	36.61763	28.40414	33.71251
L4T1206	1.227471	36.57947	28.47467	33.71838
L4T1207	1.189093	36.543	28.54679	33.72111
L4T1208	1.181838	36.52341	28.63258	33.66217
L4T1209	1.184109	36.52033	28.58989	33.70568
L4T1210	1.15075	36.48424	28.56852	33.79649
L4T1211	1.142825	36.45602	28.57944	33.82172
L4T1212	1.115592	36.40784	28.6914	33.78517
L4T1213	1.052076	36.27177	28.85801	33.81814
L4T1214	1.024682	36.21216	28.91147	33.85169
L4T1215	1.000955	36.13963	28.99059	33.86883
L4T1216	0.937589	36.09091	29.01626	33.95525
L4T1301	1.383412	36.66869	28.30269	33.64521
L4T1302	1.318484	36.59457	28.44474	33.64221
L4T1303	1.281022	36.47102	28.54021	33.70774
L4T1304	1.26074	36.48897	28.56936	33.68093
L4T1305	1.231889	36.53085	28.56955	33.66771
L4T1306	1.210233	36.40346	28.69497	33.69134
L4T1307	1.17906	36.32789	28.7768	33.71625
L4T1308	1.170246	36.25098	28.88413	33.69464
L4T1309	1.161672	36.25041	28.82228	33.76564
L4T1310	1.138273	36.29815	28.75173	33.81185
L4T1311	1.125449	36.23676	28.80136	33.83643
L4T1312	1.101479	36.17466	28.88009	33.84377
L4T1313	1.058601	35.98313	29.12098	33.83728
L4T1314	1.029523	35.96781	29.10448	33.89818
L4T1315	0.9593568	35.93059	29.17765	33.9324
L4T1316	0.8994477	35.9387	29.12006	34.04179
L4T2101	1.34548	36.63244	28.38879	33.63329
L4T2102	1.303749	36.39975	28.64993	33.64657
L4T2103	1.268283	36.41146	28.68379	33.63646
L4T2104	1.261521	36.40946	28.65761	33.67141
L4T2105	1.255596	36.36138	28.69279	33.69023
L4T2106	1.198673	36.35621	28.76209	33.68302
L4T2107	1.173861	36.23487	28.87218	33.71909
L4T2108	1.166424	36.22019	28.9353	33.67808
L4T2109	1.147772	36.21626	28.92723	33.70875
L4T2110	1.118827	36.24292	28.87157	33.76668
L4T2111	1.132145	36.32222	28.76701	33.77863
L4T2112	1.108567	36.33465	28.75084	33.80595
L4T2113	1.037748	36.32247	28.74	33.89979
L4T2114	1.035305	36.36301	28.722	33.87969
L4T2115	1.00407	36.46102	28.64094	33.89397
L4T2116	0.9276556	36.57475	28.55191	33.94569
L4T2201	1.402542	36.83206	28.10629	33.65911
L4T2202	1.36509	36.70028	28.2554	33.67923
L4T2203	1.337044	36.69431	28.28294	33.68571
L4T2204	1.300791	36.744	28.30046	33.65476
L4T2205	1.287306	36.70114	28.29049	33.72106
L4T2206	1.251878	36.71582	28.32606	33.70625
L4T2207	1.205674	36.61133	28.43879	33.7442
L4T2208	1.195577	36.59094	28.52486	33.68862
L4T2209	1.188853	36.58009	28.483	33.74807
L4T2210	1.169009	36.56137	28.47572	33.7939
L4T2211	1.162869	36.57359	28.44996	33.81358
L4T2212	1.152158	36.57856	28.49038	33.77891
L4T2213	1.106633	36.40009	28.67059	33.82268
L4T2214	1.071097	36.39081	28.74816	33.78994
L4T2215	1.048195	36.37761	28.7139	33.8603
L4T2216	0.9704687	36.40113	28.73708	33.89132
L4T2301	1.358855	36.75226	28.21627	33.67262
L4T2302	1.308443	36.58613	28.39605	33.70938
L4T2303	1.286399	36.5768	28.4881	33.6487
L4T2304	1.266679	36.54854	28.49901	33.68577
L4T2305	1.248719	36.58797	28.42374	33.73957
L4T2306	1.207178	36.56112	28.5177	33.71401
L4T2307	1.190978	36.50484	28.6119	33.69228
L4T2308	1.160504	36.37701	28.76398	33.69851
L4T2309	1.173486	36.38163	28.6785	33.76638
L4T2310	1.157096	36.45099	28.62178	33.77013
L4T2311	1.118775	36.41285	28.65027	33.81811
L4T2312	1.109723	36.36576	28.69797	33.82655
L4T2313	1.048146	36.1896	28.90897	33.85328
L4T2314	1.056755	36.16806	28.87255	33.90263
L4T2315	1.015114	36.2457	28.84437	33.89482
L4T2316	0.9020157	36.28564	28.8302	33.98214

### Most Popular Unknown Index Sequences
### Columns: Index_Sequence Hit_Count
NNNNNN	255822
CTGACC	125360
GCCCAA	113681
CGCCAA	113621
GCCATA	96189
GCAATA	95857
AGTGAT	78803
GACCAA	78779
CAGTGA	75870
GGCCAA	69375
ACCAGT	66312
TGCCAA	60834
CACAGT	57058
GGCCAT	51297
AAGTGA	42502
TTGACC	35182
GGCCCA	30994
CATTGC	30119
AATTGC	29655
GCCCCT	29308
ACAAGT	28394
TTGCCC	27213
TGAGTG	26090
CAGTGC	25478
GGCACT	25084
AAGTGC	23181
CTTTGC	21395
GGCAAA	21354
TGCAAT	20733
GCCGTG	20486
AACAGT	20380
ACCGAG	19373
GGCCCT	19351
AGTGAG	18747
NNACCA	18199
GCCGAG	17925
ATTTGC	17835
NNCAAT	16991
TGCCCT	16836
TGCACA	16705
AAAAAA	16521
TGGCCC	15684
TGACAT	15328
NNAGTG	14433
ACCATG	14177
ACCAAG	13578
GCCATC	13258
CAATAT	13006
TGAACC	12545
ATTGTG	12215
TTTTGC	11866
TGAGCG	11723
TGGACC	11468
GAATAT	11289
ACATGA	11089
AAAGGG	10226
ATCGTG	10219
TGCAAA	9712
GACAAA	9621
TGACTG	9550
TGAGTA	9477
ACAGGA	9376
ATTTTC	9278
TGCCAT	9227
TTACCC	8990
GGCCAC	8767
CTGTGC	8615
GCTATC	8466
GACCCA	8387
AATTTC	8306
TTTTCC	8235
TTGGCC	7719
TGAAAA	7703
TACCAA	7702
GCCATG	7657
NNACCN	7426
AAGGGG	7193
TTGTCC	7192
AGAGTA	7174
NNCAAN	6944
ACCGTT	6877
AACAAT	6761
AATGTG	6744
ATGTGC	6728
TGCACT	6634
GACAAC	6612
AATTGA	6490
NNNCCN	6484
AGTGTG	6403
GGCACA	6318
ACAAAG	6275
GCCACA	6211
CATTAC	5987
NNNAAN	5937
AAGGTG	5918
TGATCT	5899
NNAGTN	5861
CCAATA	5837
GCATCT	5795
AATTAC	5732
AAGGGC	5608
TCCCAT	5596
ACAAAA	5552
GCCCAC	5531
TCCACT	5528
ACCATT	5508
GCCCCA	5463
GCCGTT	5425
ACAGGT	5355
CTTTTC	5242
AGAGCG	5208
CATTGA	5204
CAATCT	5188
TTGCCA	5180
CGCCCA	5136
GATATC	5125
NNNGTN	5051
GCACAT	5030
GACCAC	4875
AAACCA	4769
TCAGCG	4735
GGACAA	4735
AACAGG	4725
ATTTTG	4518
ACTGAT	4444
ACCGAT	4439
GTATCT	4378
TATTGC	4306
AACAAA	4279
AGACTA	4267
AGTGAA	4230
TTTCCC	4074
AGAGCA	4059
NNNNCA	4044
AAGTGG	4043
CACAAC	4031
CAGTGG	3995
GATAAT	3973
TCACTG	3963
ACAGAT	3961
AATTGT	3823
ATTTGT	3793
ACTGAG	3748
GTTAAT	3723
NNNNAT	3700
CATTTC	3698
GCAACT	3695
AGACTG	3683
TCAGTA	3660
CTTTGT	3645
ACCGGG	3634
TCCCCT	3620
TTTCCA	3618
CACAAT	3590
GCATAT	3562
AAAAGG	3545
GCAAAA	3491
AACGGG	3491
ATTGGG	3469
AATAAC	3423
CTTTCC	3393
GATCTC	3362
TCCCCA	3361
GAGTGC	3337
NNNCNN	3335
ATTTGA	3315
AAGAGC	3278
ACAAAT	3262
AATTGG	3261
TGTCCC	3260
NNNNTG	3248
GGACCT	3244
TCCAAA	3233
ACACCA	3231
AACAAC	3211
TGCCCC	3202
CATTGT	3202
CACAAA	3145
ATGGTG	3130
AAAGTA	3102
ACACTA	3101
ACCAAA	3066
TTGTGC	3060
TTTTCA	3045
ATTTGG	3018
NNNANN	2996
GGAAAT	2996
CTTTAC	2996
AATTTG	2994
TTTACC	2987
AATAAT	2971
CAGAGC	2964
CATAAC	2963
TCACCG	2949
ACAGCA	2941
TCACTA	2935
GATTGC	2919
CTTTGA	2857
CATTCC	2816
AATGGG	2780
TTAGTG	2729
ACCAGG	2701
TTTTGA	2690
TAGTGC	2690
ACCAAC	2687
TGAATC	2669
NNNCCA	2667
ATTTTT	2633
CAGGGC	2623
ATACCA	2610
GCACCT	2595
TGTTCA	2590
CAGTAC	2590
TTTTTC	2527
ACACCG	2525
AATTCC	2524
AGACCG	2500
AATGTC	2491
ACGGGG	2470
ATTTAC	2468
NNNGNN	2460
CAAAAA	2409
GCAGAG	2397
AATGGC	2395
AATAGC	2394
TNNCCA	2393
CTTACC	2385
GGACAT	2374
NNNAAT	2370
GCAAAG	2365
AACGTG	2365
GAGAAT	2357
CACTGC	2352
AATATC	2337
AAGAAC	2333
ATTTCC	2327
GTTTGC	2322
GNNAAT	2297
CAGAAC	2287
AATTAT	2286
TGAAAT	2278
NNNGTG	2269
ACTTTG	2235
CTGGCC	2227
TAGTGA	2213
CCCAAC	2207
ATTGTC	2192
GGAACA	2191
CAGGGG	2191
ANNGTG	2177
CCCCAA	2174
AAGTAC	2171
GAGCCA	2170
AAAGAG	2164
GACCAT	2093
TCCCAA	2080
TAAAAA	2074
ACGTGA	2067
TATTGA	2060
ACTAAT	2058
TTAGCC	2057
GAAAAA	2031
GGAAAA	2029
GTCAAC	2023
TAACAA	1989
GCACCA	1980
ACCCAA	1976
CGGCCA	1969
TTTGCC	1958
ATAGGG	1957
ACTGTC	1951
TCAGCA	1946
CATAGC	1925
CATTAA	1899
TTTTAC	1890
AGCCAA	1884
AAACAA	1876
CAGCGC	1858
CATTAT	1853
AACTGC	1852
AAGTTC	1847
ATGGGG	1822
ATTATG	1788
TTGAAC	1769
AATTTA	1764
CCTGTG	1761
AAGGTC	1754
GCAGAT	1745
ATAGTA	1743
ATTTAT	1726
ATTTTA	1715
ATGGGC	1714
CATAAT	1707
AGTCCA	1692
GGCAAC	1689
GAGAAC	1682
AAGTGT	1671
TCCACA	1662
CAGTGT	1659
CACTAC	1657
GAACCA	1654
GTTTAT	1653
AGACCC	1648
ACAATT	1642
AATTCA	1635
AATAAA	1635
TTTAAC	1621
ACTTTC	1618
GCAATT	1605
ATCAAT	1601
ATTAGG	1596
AGCCCA	1592
TGGACA	1589
AATTAA	1583
AAAAAG	1574
CAACCA	1571
GTGAAC	1557
AGACAA	1553
GGCCCC	1546
CTGTCC	1545
AATAGT	1545
GTCCAA	1540
GATAAC	1536
AGGCCA	1530
TTAACC	1527
GGGCCA	1524
AAAACA	1523
TCACAA	1514
TGAACT	1510
ACAGAA	1507
AAAATG	1504
AGAAAA	1501
GCACAA	1494
GTTTGT	1491
CTGCCC	1480
CTTTAT	1477
CATTCA	1475
AAGCGC	1472
TTGACA	1455
AAAGTC	1427
CACAGG	1424
AAAGAA	1423
CATAGT	1418
CAGTCC	1418
GCAGTT	1413
GTGTGC	1411
GACAGT	1408
TATCCA	1405
GATTAT	1395
ATGTGG	1395
CAATAA	1392
GTCCAT	1389
TATCTC	1378
GGAACT	1370
ATGTGA	1365
ATTAAT	1363
ATTGGC	1360
CATAAA	1353
TAAACA	1352
GACTAT	1351
AATTTT	1349
TACAAT	1336
TTTTGT	1334
GCAATG	1334
TCAAAT	1328
ACAATC	1328
ATATTG	1320
AAATGA	1315
ATCTCG	1308
GTCCAC	1307
ATTTCA	1307
AACAAG	1307
CGCCAC	1302
TGGCGA	1297
CCCAAA	1296
GAGAGC	1289
GTCTAT	1286
GTGACC	1283
CCCGTG	1278
CTGTGA	1274
CAGCCC	1274
ACAAGG	1265
GATTAC	1261
ATAGTC	1243
AGATCA	1235
AAGAAT	1231
GAGCAA	1230
AACTAC	1225
ATTAGT	1222
ACTGGG	1207
AACAGC	1205
TCAACA	1204
AAGGGA	1195
ACAATA	1194
GTCAAA	1191
TATTCA	1185
ACGGTC	1184
CTTTTT	1180
AAATTG	1179
TTGGGC	1172
TGTTGA	1168
TCACCT	1166
CTTAAC	1165
GACCCC	1163
CTTTCA	1163
CTGAAC	1163
CAGCCA	1163
CTTTGG	1161
CACAGC	1161
AAGTCC	1143
ACTGTT	1142
AAGAGA	1141
ATAGCG	1135
GTTAAC	1132
AAGAAA	1130
CATTGG	1127
AGAACA	1125
AGAGAG	1118
CGGCCC	1115
TTCAAT	1113
GAGCAC	1104
CACCAC	1090
TATTCC	1082
TGGTCA	1078
CATCGC	1072
ATAGTT	1067
AAATGC	1067
AAGAGG	1057
GATTGT	1054
GCAACA	1050
ATGGCC	1049
TAGCCA	1045
CAGAAA	1043
ATAATG	1042
TGCTCA	1033
AGTGAC	1019
ACCGTC	1019
ACTTGC	1017
AAGTTG	1015
GCCACC	1013
ACATCT	1009
CTGGGC	1005
AAATTA	1004
ATGGTC	999
AATCGC	997
TCAAAA	995
GTTTAC	995
ACGGAG	992
CTTCCC	981
GTCACT	974
TTATCA	969
CATCCC	965
ATCAGT	963
GAGCCC	955
ATTCCA	953
AGACGA	951
CCCCCC	949
CACCAA	949
CAGGGA	948
TTCCCA	945
ACTAGT	944
AAATTC	944
GAACAA	940
AATCCA	934
CGCCCC	933
ACTTTT	931
ATATCT	928
TGTTCC	925
AAACGA	924
CTCTGC	922
TGTCGA	921
TTAACA	920
CCGGTG	919
AAGCCA	918
ATGTTC	916
AATCCC	915
TGGTGA	906
AACATG	905
CAGCGA	898
AAATCA	898
TTTGGC	891
CTCAAT	890
ATTATT	889
CACTAT	887
AGTTCA	884
AAGCCC	884
AAGAGT	884
GGGCAA	883
ACGATC	882
GCCCAG	878
ATTAAC	878
AAAGGA	872
CAGAGA	863
CATGGC	860
CGTCCA	859
CTACCA	854
TATCCC	846
TTTTTA	845
CATCCA	843
CTTTTG	840
ATTCCC	835
GACTAC	832
ACCGAC	830
GTGAAT	824
ACTATG	823
ACATTC	823
GACACT	821
CTTGCC	820
CCAAAA	817
AAAAGA	817
TCACAT	814
AATAGA	814
GACAGC	811
CAGTTC	804
AAACGG	804
CACCGT	803
AATGAG	802
AGGTGA	801
CTTGTG	799
CATTTA	798
AATAGG	798
GAGAGT	796
ACCACT	794
ACGGGC	792
TGTCAA	789
GCCCCC	788
CGGTGC	787
ACACCC	787
AAGCGA	787
TTCAAC	786
GAAAAT	786
TGTTGC	781
GAGTAC	776
CAGTCA	774
AAGGAG	771
AGTTGA	770
AAAGCA	769
TATTAC	768
TGCCTA	766
ACCTTG	765
AAACCC	765
ACCCAT	764
CAGTAA	763
ACGTGC	763
TACCCA	758
GCCGAA	753
ACTAAG	752
TACAAA	750
ATCTGC	750
TATTTC	747
GAGAAA	746
ACCGAA	745
ACCTAT	744
CCCCAC	743
ACCCAC	743
ATATCA	739
TGACAC	737
TGAGCC	736
AAGAAG	735
AACTAT	735
AAAATA	735
AAGTCA	733
ATATGA	732
AAAGCG	731
CTTAAT	730
AAACTA	730
CTCAAC	729
CAACAA	728
NNNNNA	727
GAGTGT	727
AAAAAC	723
CTGTGG	722
ACGAAT	719
AGGCCC	718
ATGATC	715
AGGTGC	714
TTCACC	712
GCCGAC	712
AAAGGC	712
ATAGCC	711
ATGTCC	710
TTTTAT	708
ACATTA	701
AATCTC	699
TTGAGC	694
ATATTA	694
CTTTTA	693
CGACCC	691
CTTAGC	690
ACTAAC	690
ATACCC	689
GCTTAT	687
AGTTGC	685
ATACTA	684
TTAGCA	680
AACCAA	680
GACAAG	679
AATAAG	679
GTGATC	678
CACCCC	677
GCAATC	676
CTGAGC	675
GTAGTG	674
CTTCCA	672
TTTAGC	670
NNNNNT	669
CGGCAA	667
CAGAAT	667
GATAGT	663
TGATTA	661
TTACTA	658
TAACCC	657
TGGTGC	656
AAGGAC	656
CTGTAC	650
CTTCGC	648
AGTGCA	648
TTGTCA	647
TGATGA	647
GAGTGA	647
AAAAAT	646
GATAGC	643
ATAGAG	639
TTGTGA	631
GATTGA	631
NNNNNG	630
CAGCAC	629
GACTGC	626
CTGTGT	626
CGACAA	625
TGTACA	622
TTTAAT	621
GATAAA	621
CCCAGT	620
TGCCAC	619
ATGTGT	619
TCAACT	617
CTTGGC	617
AGTCCC	616
GNNNAT	613
ACGTTG	612
GCCTAA	607
TNNNCA	605
TGGCAA	604
ATATTC	604
TTTTTT	601
GGTAAT	598
CTCTAC	598
ATTAGC	597
TGGCGC	596
ACACAA	596
ATCAAC	594
CAAGTG	593
ACCGCG	593
TGACAG	592
ATAGCA	592
CAATGA	590
ACTTAT	586
CTGCGC	585
ATACTG	584
ACTTGG	584
AATCGA	584
AATTAG	583
TTTGTG	581
TGCACC	581
ACAGCC	580
CGGTGA	577
CATGTG	576
GTTAGT	574
GCTAAC	574
GTACCA	571
CAATCA	571
AATGAC	571
ATTTAA	570
GTCAGT	569
AAATGG	566
TACAGT	565
AGGCGA	565
AAACTG	565
TAACGA	561
ATGTTG	561
CAGGTG	559
TTTTAA	558
CTTTAA	558
ATTCGC	558
GGGCCC	556
AGCAAA	554
AGATTA	554
GTGAGC	553
CGTTGC	553
TAATCA	551
AACTGT	550
ATGAGC	549
AATATG	547
TACAAC	543
GGGCAC	543
AGAGAA	540
AAATAA	540
TATTGT	538
AAGTAA	538
AGGGGG	537
CACTAA	536
AACCAC	536
ACTATT	535
CACTGT	534
TTTCGA	533
CCACCA	533
CTTGTC	532
CATTTG	532
CAGAGT	531
AATGGA	531
ANNNTG	530
ACCCCC	530
TGGTCC	529
AGAGGG	528
TAGCCC	525
ATTGTT	524
AGATGA	524
CTAGTG	523
CATCGA	520
GCTATA	519
GCTAAA	518
GTTTTC	517
AAGTAT	514
CGTTCA	511
TTTCGC	509
TATTAA	509
CCGGGG	508
ATATGC	508
AATGAT	508
TAGCGA	506
CATAGA	505
CGGCGC	504
TGATCC	503
GTCCCA	503
GTGGGC	502
GCTACT	502
CCCCCA	502
ACAACA	502
TTAGCG	501
AGGGGA	501
CATGGG	498
CACCCA	496
AGTTCC	495
TTTACA	493
CTGGGG	492
TGACTC	491
ACTGGC	490
AACGAG	487
ACGAAG	486
ACATGG	485
TTTTTG	483
GTCTAC	483
ATGACC	483
ACCCCA	481
AATGTA	480
TATAAA	479
TTACAA	478
CATTTT	477
GACACA	476
CAAAAC	476
ACGTGG	476
AGCCAC	475
ACTTAC	474
TTTGTC	473
GTCAAG	473
CCAATC	473
AACCCA	473
CTTAGT	470
GTCGTG	469
GAGGGC	465
CATCAC	464
TAGCGC	463
ACCCAG	461
CGGCGA	459
CAATCC	459
TCCAAG	458
ATGCGC	457
ATAAGT	453
ACGAAC	453
CATGTC	452
ACCGTA	452
AACAGA	450
CGTTGA	449
TAGTCA	448
AGGTCA	448
GACTGT	447
CTGTTC	447
CAGTAT	447
ACATTT	446
CAATTA	445
ATCTAT	444
GAGTAT	442
ATGCCA	442
AGCAAT	442
TTACGA	441
ACCTAC	440
GGTCCA	439
ACTTGT	439
ATGTAC	438
AATGTT	436
CGTCCC	435
AGTGGA	433
CCTAAT	431
ACCTTT	431
TATCGA	430
CAGCAA	430
ACAGGC	429
ATCTAC	427
AGCCCC	427
TCCAAC	425
TATCGC	424
CAACCC	423
CTGCCA	422
ACGTTC	420
TATAAC	416
TATAAT	415
GTGTGT	415
TGCAAC	411
TGGGCC	410
AGGCGC	410
TGTCGC	409
GTTTCC	409
CACTCC	409
GCGAAC	408
TTTAAA	407
TTCCCC	407
AAGGGT	406
ACAAAC	405
GAGCGC	403
ATAGGA	403
TTTTGG	402
TTACCG	402
ATCGAG	400
AAATCC	400
AAACGC	399
ACCATC	398
ATTGCC	397
GTTTGA	396
TTATCC	395
CTCTAT	395
CGTTCC	395
CACAGA	395
GGACCC	394
AAGTTA	394
AAGCAC	394
ATACGA	393
ATGCCC	392
GTCACC	391
CAACGA	389
ATGAAC	388
TCTAAT	386
CCCAAG	386
GAGAGA	385
CGATCA	385
ACCAGC	385
TTAGTA	384
GCTCAT	384
ATTCGA	384
GCTAAG	383
AATACC	381
GTTTTT	380
ATTAAG	379
ATCATG	379
AATATT	378
ATATGG	375
CCGTGA	374
AGAGGA	373
ACACTC	373
GCTGTG	371
CTCCAC	371
CGCAAA	371
CAATAG	371
TGTAAA	369
GATTAA	369
TCACCC	368
GCCTAC	367
ACGATG	366
CAATAC	365
AGCACA	365
TGACGC	364
AGAGTC	364
AATCAC	364
ATTGTA	363
CAAACA	362
AGTGGG	362
GTGGTC	360
ACGGAT	360
AAGGCC	358
AACCCC	358
GTTAGC	357
GTTACC	357
GTCTGT	357
GAATAA	357
CAGGTC	357
GCCCTA	356
GCCACG	356
ACCTTC	354
TAGTCC	353
AAACCG	352
TCAATC	350
TTTTCT	349
CTTGGG	349
ATAAGG	349
CTGGTG	348
TGTCCT	347
GAGGGG	346
GTAAAT	343
GCCTAG	343
AATGGT	343
TAAGTG	342
AGGGTG	341
GATTTC	340
CAGGAC	340
GCCAGC	339
GTCATA	338
CTACCC	338
CGCTAA	338
CCCTAT	338
TTCCAA	337
GTTAAA	337
CCTAAC	337
ATTTCT	337
AGTCGA	337
AACACA	337
GTGTAC	336
GTCTGC	335
CATACC	335
ATGTCA	335
TAGAGC	334
CACTGA	333
TTCACA	332
CGGCAC	331
AGTGTT	331
AGATCT	331
AGACTC	331
TTGCGC	330
GACGAC	330
ACAGAC	330
AACGGC	330
TTGTAC	329
ATATCC	329
CCGTGG	328
CACACC	328
TTGGAC	327
TAATGA	327
TTGGCA	326
NNNNAN	326
ACTGAC	325
AATACA	324
AAGCAA	324
AGAGCC	323
AACTTC	323
TATTTA	322
ACGGTT	322
ATTTAG	321
ATTAAA	321
ACCGGT	321
AAAAGT	321
CTGGTC	319
CAATGC	319
TGTTAA	315
CTGTCA	314
CGGTCA	313
ATCTGT	313
AACTGA	313
ACCTGC	312
GACACC	311
TTCAAA	310
GTCCCT	310
AAGTAG	310
ATTGAG	309
CAGAGG	308
ATGCGA	308
AAAGCC	308
TATTAT	307
ATCAAG	307
ACTATC	306
GTAATA	305
CTCTGT	304
GACTAA	302
ACCACA	302
TACACA	301
CCCCAT	301
TTATGA	299
GCCTTT	299
CAGACC	299
ATACCG	299
AAGGTA	298
CGACGA	296
AATCAA	296
AACGAC	296
TGATAA	295
CATATC	295
TAGGGC	294
CGCAAT	294
CACCGC	294
CACACA	293
CACAAG	293
GATTCC	292
