SampleNumber	0	28	29	30
SampleName	None	SA7	SA12	SA13
L5T1101	1.206514	22.46143	53.22221	23.10985
L5T1102	1.205292	22.50307	53.44587	22.84576
L5T1103	1.124437	22.52563	53.69872	22.65121
L5T1104	1.117292	22.57516	53.59314	22.71442
L5T1105	1.110935	22.59149	53.60801	22.68957
L5T1106	1.099908	22.64745	53.6218	22.63084
L5T1107	1.09021	22.61719	53.83133	22.46127
L5T1108	1.146883	22.51106	54.0697	22.27235
L5T1109	1.143472	22.46525	54.24576	22.14552
L5T1110	1.160449	22.52344	54.20589	22.11022
L5T1111	1.201144	22.55638	54.20269	22.03979
L5T1112	1.224944	22.62888	54.15392	21.99226
L5T1113	1.248736	22.67918	54.31777	21.75432
L5T1114	1.235769	22.75673	54.24337	21.76413
L5T1115	1.278951	22.81343	54.01565	21.89197
L5T1116	1.260479	22.8479	53.87483	22.0168
L5T1201	1.174028	22.86651	52.0308	23.92865
L5T1202	1.158356	22.99259	52.0453	23.80376
L5T1203	1.11305	23.03975	52.11199	23.7352
L5T1204	1.125753	23.03331	52.06266	23.77829
L5T1205	1.106637	23.02565	52.08694	23.78077
L5T1206	1.081568	23.03501	52.21763	23.6658
L5T1207	1.053514	23.08818	52.34116	23.51715
L5T1208	1.078887	22.97111	52.59519	23.35481
L5T1209	1.087625	22.8554	52.80923	23.24774
L5T1210	1.098424	22.88927	52.84261	23.16969
L5T1211	1.128143	22.91875	52.86225	23.09086
L5T1212	1.160472	22.93187	52.95874	22.94892
L5T1213	1.135885	22.95493	53.10774	22.80145
L5T1214	1.183937	22.95436	53.13762	22.72408
L5T1215	1.237875	22.96639	53.07567	22.72006
L5T1216	1.1949	22.90564	53.23793	22.66153
L5T1301	1.160358	22.67867	52.74866	23.41231
L5T1302	1.144838	22.72273	52.85636	23.27608
L5T1303	1.124395	22.75041	53.01849	23.10671
L5T1304	1.118322	22.81273	52.92021	23.14874
L5T1305	1.086372	22.8305	53.00481	23.07832
L5T1306	1.081111	22.80278	53.09556	23.02056
L5T1307	1.072872	22.80438	53.30109	22.82165
L5T1308	1.13271	22.74042	53.54454	22.58233
L5T1309	1.129273	22.63459	53.81852	22.41762
L5T1310	1.141487	22.6457	53.88212	22.3307
L5T1311	1.195795	22.69646	53.9107	22.19705
L5T1312	1.229727	22.71608	53.99336	22.06082
L5T1313	1.198837	22.81448	54.16018	21.8265
L5T1314	1.242353	22.83945	54.05983	21.85837
L5T1315	1.276934	22.83965	53.88785	21.99557
L5T1316	1.213247	22.83486	53.76136	22.19053
L5T2101	1.146658	22.50502	53.11181	23.23652
L5T2102	1.180545	22.56022	53.23404	23.02519
L5T2103	1.125129	22.59475	53.3062	22.97392
L5T2104	1.086917	22.61474	53.21978	23.07856
L5T2105	1.090818	22.71739	53.19637	22.99542
L5T2106	1.071408	22.68681	53.2939	22.94788
L5T2107	1.069876	22.71654	53.3721	22.84148
L5T2108	1.090755	22.635	53.61022	22.66402
L5T2109	1.107782	22.57755	53.68669	22.62799
L5T2110	1.104163	22.64943	53.59461	22.6518
L5T2111	1.111626	22.73129	53.48923	22.66786
L5T2112	1.199889	22.80217	53.34188	22.65606
L5T2113	1.117404	22.9003	53.28147	22.70083
L5T2114	1.138159	22.96064	53.02194	22.87926
L5T2115	1.207645	23.03471	52.59514	23.16251
L5T2116	1.160705	23.01734	52.5247	23.29726
L5T2201	1.170309	22.85205	52.01567	23.96197
L5T2202	1.160685	22.92266	52.02139	23.89526
L5T2203	1.111812	22.98239	52.05311	23.85269
L5T2204	1.116674	22.98712	52.0125	23.88371
L5T2205	1.111399	23.04206	52.03008	23.81646
L5T2206	1.081562	23.00882	52.14613	23.76348
L5T2207	1.058425	23.03795	52.18381	23.71981
L5T2208	1.065436	22.93711	52.53809	23.45936
L5T2209	1.064133	22.84599	52.78833	23.30154
L5T2210	1.06849	22.84569	52.76966	23.31616
L5T2211	1.116311	22.86295	52.8135	23.20724
L5T2212	1.125335	22.90231	52.88465	23.0877
L5T2213	1.094686	22.95362	53.02739	22.92431
L5T2214	1.147577	22.94416	53.0009	22.90736
L5T2215	1.188299	22.95373	52.89461	22.96336
L5T2216	1.166006	22.88636	53.00082	22.94681
L5T2301	1.142117	22.65087	52.65168	23.55533
L5T2302	1.116778	22.77813	52.64785	23.45725
L5T2303	1.095877	22.80092	52.75391	23.34929
L5T2304	1.115068	22.77951	52.7505	23.35493
L5T2305	1.074227	22.83722	52.77502	23.31353
L5T2306	1.037024	22.85048	52.88671	23.22578
L5T2307	1.035949	22.85061	53.03172	23.08172
L5T2308	1.057594	22.8067	53.22664	22.90906
L5T2309	1.069595	22.6975	53.52239	22.71052
L5T2310	1.084536	22.70937	53.55603	22.65007
L5T2311	1.106414	22.77497	53.52613	22.59249
L5T2312	1.179575	22.79073	53.51897	22.51073
L5T2313	1.128493	22.86149	53.72555	22.28447
L5T2314	1.186591	22.94579	53.47794	22.38968
L5T2315	1.241523	22.93608	53.30512	22.51727
L5T2316	1.154407	22.91297	53.20808	22.72454

### Most Popular Unknown Index Sequences
### Columns: Index_Sequence Hit_Count
NNNNNN	238630
CCTTGT	217300
CTGGTC	196082
ATTGAA	153392
TTGTAA	150004
CAGTCA	130570
AAGAAC	118229
CTGTAA	113080
AGTGTA	109077
CCAGAT	98157
CTTTGT	94593
AGGCAC	93689
AGATCA	78142
CATGTC	64769
CAGGTA	49491
AAGCAC	44871
CGTGAA	42836
GTCAAC	38899
AGTAAC	33709
AAGTCA	32400
ATTCTA	31188
CTTGGT	29705
CAAGAT	27470
NNTGTA	27395
CAGCAC	27034
AGCAAC	27020
ATCAAC	26165
CGTCTA	26017
CTTTTT	25681
CAGAAT	22088
AAGCTC	21676
CCCTGT	21371
CTTATC	21265
CTTTAA	18488
CTTCAA	17922
TGTAAT	16879
CAGACA	16336
CAGGAT	16242
AGGTCA	15792
CTTGAT	13161
CCTTTT	12100
NNTCAA	11752
NNGATC	11742
AAAAAA	11174
AGACAT	10970
ATGTCA	10459
NNTGTN	10218
CTGATA	10024
NNNGTN	8774
TCCTCT	8726
AGGAAC	8522
AGCCAT	7579
CGATCA	7505
NNNGTA	7191
CNNGTA	6946
AAAAAC	6932
GCCTGT	6811
TCATCT	6677
CGTAAT	6393
CCCTCT	6352
AGTACA	6284
CTCGTC	5806
CTAGAA	5757
AAGACC	5752
CAATCA	5699
NNNGNN	5656
CAAAAC	5512
TCCTGT	5452
AGACAC	5379
CAAGTA	5298
CATATA	5259
CTTAAT	5196
TTGTAT	5164
CCAAAT	5090
NNNNTA	4994
GATCAT	4798
AGAACA	4759
GCCTCT	4748
ATAGAA	4683
TCATGT	4667
AGCCAC	4663
NNTCAN	4475
CTCTGT	4436
CCATGT	4359
NNGATN	4327
ACTTGT	4310
AGGCCA	4210
CAAATA	4179
AAGCAA	4084
ACATCT	4071
GCATGT	4041
NNNCAN	3842
AGGATC	3809
CAAAAT	3795
GTAATC	3786
NNNATN	3780
ACCTCT	3772
ACATAT	3750
ATAGTA	3727
TAGACC	3707
AGACAG	3697
CTATGT	3662
AAACAA	3635
ACCTGT	3544
GGCAAC	3490
TTGTGT	3475
TAGAAC	3458
CGGCAC	3449
CCCTTT	3423
CTCGTT	3355
GCATCT	3338
ACATGT	3299
AAATCT	3192
TGGTAT	3135
CAGCAT	3108
TTGTTA	3046
TCAACA	3034
NNNATC	3032
CAAAAA	2965
GGCCAC	2907
AAGAAA	2901
AGGTAA	2894
CAATCT	2857
CTCGCA	2850
AGTTCA	2847
ACACAT	2846
AGAAAA	2835
CNNATC	2833
TTGTTT	2806
AGATCT	2802
GCCTGG	2754
CTAGTC	2731
GCATGG	2729
CCGTGT	2716
NNNCAA	2707
ANNCAA	2681
TTTTAA	2658
GAGAGC	2634
TGTTAT	2579
CATCAT	2561
CGGAAC	2527
CTAATA	2486
CAAAGT	2483
AAAAAT	2482
CCTGTT	2476
AGATAT	2476
NNNANN	2438
NNNCNN	2408
ACCCAT	2394
CGGCTC	2338
TAATCT	2334
CTCGTG	2329
AGGCTC	2328
CTAGTT	2327
TTTTTA	2281
GAGACC	2267
NNNNTC	2243
GCCTCG	2227
CTCTCT	2187
AAGAGC	2181
TTGTAC	2162
TAGAGC	2142
NNNNAA	2121
AGCCAG	2106
AGATAA	2099
TCATAT	2098
CCGAAC	2075
CTATCT	2064
CTAGTG	2051
AGACCA	2042
ACCTAT	2037
CAACAA	2002
AGGAAA	1981
ACAACA	1975
CTAATC	1952
GTCCAC	1938
CACACC	1932
CCGAAT	1901
CCATCT	1896
CAGCTA	1878
ACAAAT	1859
CAGAGT	1843
CAGAAA	1842
ATTGCA	1828
CAGTCC	1824
AAGATA	1817
TTAGTA	1816
CAATGT	1801
TTTTTT	1774
GAGAAC	1774
CTAGCA	1734
TCGTGT	1732
TTTGTT	1725
AGTAAT	1715
CTTAGC	1692
CTGTAC	1650
CAAGAA	1644
AAAGAA	1634
TCAACT	1630
GCATCG	1622
CCCTAT	1621
AACAAT	1612
CAAACC	1605
AAAACT	1599
GCTTGT	1593
CTGTGT	1581
CTTTGA	1579
CATCTC	1569
AGCAAT	1568
TGGAAT	1555
CTCTTT	1555
AGGCAT	1551
TTTGAA	1540
TAAACT	1537
CAGTTT	1519
CCAAAC	1514
AAATAT	1503
CAGTGT	1499
CCTGGT	1495
GTAAAC	1491
AAATGT	1474
CTCGCT	1450
AAGTCC	1450
CCCCCC	1412
CTTTGG	1400
TTTGTC	1398
TCCACT	1392
CGGCAA	1381
CTGTTT	1379
AAAACC	1371
ACCCCT	1362
CTTAAC	1356
CGTCAC	1353
ACACAA	1319
CACTCT	1318
CGTTGT	1313
CGGGTA	1309
CTTTAT	1307
CACTGT	1306
AATCAC	1306
ACCCAA	1305
CAAACT	1289
TAATGT	1279
TTTTAT	1278
CTCGCG	1276
AGATCC	1276
CTTACC	1275
ATGGTA	1272
ACAACT	1263
TCCTAT	1255
CTGTTA	1247
CTTTTC	1245
ATAAAA	1226
CAAGTC	1215
TGGTAA	1187
AATCTC	1182
GTAGTA	1173
AAACAC	1171
ATGTAA	1151
AAACAT	1133
AGCCCA	1121
CTCGGG	1115
CTAGGA	1110
AAAAGT	1098
TTTTGT	1085
TGTTAA	1080
GCAACT	1074
AAGTCT	1066
ATTTAA	1057
CGTGTC	1055
CAGGTT	1046
AGTATC	1041
CCCCCA	1036
GAAACT	1029
TTGGTA	1024
AGCCCT	1024
ATTTTA	1023
CGTTAT	1022
CTAGGG	1019
CAGCCC	1019
ACTTTT	1018
GCAAGT	1009
AGCTAT	1006
CTTTTG	1002
ATCGTA	999
GAAAGT	995
CTCGCC	989
AGGTCT	988
CCCTGG	987
TCTTGT	983
TAAACC	983
CAGACT	978
ATTGTC	962
CTGGTT	960
CAAAGC	956
ACATGG	956
GCAAGG	953
GACAAC	944
CAGCAA	943
AGTGCA	938
AGACCT	935
ACACCT	935
CCCGCA	926
CTAAAA	924
AAATCA	924
CTCGGT	920
GGAAAT	919
GAATCT	917
CCAGTT	912
CCGATT	911
CTCGGA	905
CCGTTT	904
TACTCT	897
CTTGAC	894
TCCCCT	892
ATCTCG	892
AGGTCC	892
GCCACT	890
CTTGGG	886
CTTGCT	885
CCATAT	881
CATTTT	875
TAAAGT	867
GAATGT	866
GCATAT	859
AAATCC	857
AGATGT	856
TCCTCC	852
GAAACC	843
TTCGTA	839
CTCTGG	837
CGTCAT	835
AAGAAT	833
TGTGTA	832
TTCTGT	827
TCAAGT	821
TAGTGT	821
AGCTCT	816
ACACAG	816
CGACAT	815
CATCTA	813
ACAGAT	799
GAAAGG	797
CAAAGG	793
CTTCCA	790
CGGATA	774
CTCTCG	772
AGAAAT	765
CTATTT	764
CTAGGT	762
CGTTTA	762
AGTTAT	760
TTATGT	756
CAAATT	756
CTCGAA	754
CGACAA	753
ACAAGT	753
CTAGCG	751
CCCGTA	751
TTCGTT	747
TAATAT	747
CCCTCG	747
CTATGG	745
CACACT	741
AGAGAA	741
CAATAT	736
ATTGGA	736
TCAAAT	726
CTAGCT	726
ATAGCA	725
CTGGTG	723
GCCCCT	721
AAAATA	721
ACCTGG	720
ACCACT	720
CGTATA	719
CTCATC	716
CGCCAA	716
CCAATT	713
CTGTAT	711
ATACAA	710
TTAGTT	709
TTCTCT	706
ACCCAC	703
AAAAAG	703
ACATCG	701
GGAAAC	699
TAAAAT	697
GCAACG	696
AAAATC	695
ACCTCG	691
GCCTCC	685
TCCTCG	684
CTTCTC	675
CCTTAT	673
TCGTAT	672
CGCCAT	672
CTTTCA	668
AAGCCC	667
CCTTTA	665
ACATAG	656
TGTAAA	655
CATTGT	654
CATGAA	654
CCATGG	652
GTCGTA	640
TACACT	639
AAGTAA	636
AAGCTA	628
CTTGCG	625
ACAAAC	624
AAGCCA	616
GCCAGT	612
TAAAAC	610
AATAAA	610
ACCCAG	608
GAAAGC	606
TTATCT	601
CTTGCC	596
CTCTTA	594
CGCTGT	594
CAAGTT	593
TTGTGA	591
AAAAGG	589
TACACC	588
CACGTC	588
AATGTA	586
CTTTCT	580
TCATGG	575
TTAGAA	574
GCCAGG	574
GAAAAC	574
CGTGCA	574
TTCTTT	573
CCAATC	573
AGGCTA	573
ACAAAA	573
CGGCTA	570
TACTGT	568
AAAGTA	568
AGAAAC	566
TTTGCA	563
TCCACC	560
AAATAA	560
GCAAAT	556
GGCCAA	554
CCAAGT	554
CGATGT	553
GAAAAT	546
CCTTGA	545
GAAACG	543
TCATCC	541
TCCTTT	540
GTAAGC	540
ATCATC	538
CAACAT	537
CCCGCC	536
ACACAC	535
GTAGTG	534
GCCTTT	534
CTGGGA	533
AGGCCC	533
GCCACG	532
ATTTGT	532
CGATAT	531
GACACC	529
TCATCG	527
GCAGGG	525
AAAAGC	525
CCCCCT	524
CAATGG	524
CTATAT	523
GAATGG	522
TAGACT	521
AGGTAT	521
TAGTTT	520
GTTGAA	519
TAGAGT	518
GTAGAA	518
GTAAAT	517
AGCTGT	517
TCTTTT	516
CCGACC	515
CCCCAT	515
AGCCCC	513
CTAGAT	512
TCCTGG	511
TCAACC	511
GCTTTT	510
GCCGGG	508
CCGGTC	507
CTATCG	505
CTCATA	499
ATAATA	496
TAGTTC	495
TAGATT	495
GTAGGA	493
TCCGCT	490
GCCTAT	489
CAGAGG	489
TCCAGT	488
GTAGGG	488
TAGTAC	487
ACAACC	487
AAAACA	487
GCCACC	485
ATTATA	485
GTTGTG	484
ACCCGT	483
AATGAA	482
CTGGAA	480
CAAGGT	479
TTTGTG	473
TAGTAT	473
AGGCAG	473
GCCGCG	470
ACCAAT	470
ACAGAA	470
CTGGCA	468
CTATTA	468
GAGAGT	467
CGTTAA	466
CAATCC	466
CAGTCT	465
CACAGT	464
CACCCC	463
ACCTCC	463
GTTGGA	461
ATCCAA	460
GCAACC	458
AGATAG	456
CTGTTC	454
CCACAT	454
CTTAAA	451
CCATCG	451
TAAAGC	449
CACAGC	449
TTCGCT	447
ATCGAA	447
ATTCAC	444
GCCCCG	443
GACTGT	441
ACCCCC	441
GCCCGT	440
CGTCCA	436
CCGGTT	436
NNTGNN	434
GACTCT	434
NNNNTN	433
GAATAT	433
GCCGGT	432
CCCTCC	431
CCCGGT	431
TAGAAT	430
AAGACT	430
CAGGCA	427
ATTGTT	426
AAAACG	425
CCCGTC	424
TGGTGT	423
ACTCAT	418
ACAATC	418
CACGTA	417
AGTTAC	415
ACTGTA	415
AAGAGT	415
GCGTGT	411
CGCTAT	409
CAGTGC	409
GCCGCT	406
CGCTCT	406
AAATCG	406
CCCGTT	405
AAGACA	405
CCGTCA	403
ACAAAG	402
GTCAAA	401
ATTCCA	401
ACATAA	401
TTATTT	398
CCAGTC	398
TTATAT	397
AGGATA	396
CCCACT	394
AAATGG	394
CCAGTA	393
TCACCT	392
ACACGT	392
CCCACC	390
CCTGTC	389
AAGTAC	387
TGTGAA	386
ACTTAT	386
GAACAT	385
CAAAAG	384
AACAAC	384
GCATCC	382
GAGAGG	382
CCCGCT	382
CTCTAT	381
GCATAG	378
CGATCT	378
ATTAAA	378
TAAATC	376
CAAACG	376
AGTTTA	375
ACCCCG	375
TCAGAT	373
GACACT	373
CACAAC	372
AAACCT	372
GTAGCA	371
GCCTGC	370
ACGAAC	368
ACCACC	368
GCAGGT	367
CTCCCA	367
AGGTAC	366
ATAGGA	365
CATGTT	363
AGTCTC	363
AAGCAT	363
AACACC	362
GCCAAC	361
AGCTAA	361
AGGACC	359
GTAACC	358
GCCCGG	356
GCAACA	356
CTGCTA	356
CACTGG	355
TCCCAT	354
GCATGC	353
AATATC	352
GGCTAC	351
CACTCC	351
CTAACT	350
GCACCT	346
CAATCG	346
CTTCAT	345
TTAGCA	344
ACATCC	344
ACCTAG	343
AACTCT	341
TGATAT	340
AGTTGT	340
GTCGAC	339
ACAAGG	339
AGATGG	338
ACCAGT	338
TTGTTC	337
AGAGCA	337
CGACAG	336
GTTGCA	335
GCAGCG	335
TCGTCT	333
GAATCG	333
TTAGCT	332
CCAACT	332
AAACCA	332
TTTGGA	331
GCAAGC	330
CGTGGA	330
CGGAAA	327
TTAGTG	323
CAGTTA	323
AGACCC	323
TCACAT	322
AGCAAA	322
GTCCAA	321
AGCCCG	321
AGAATC	320
ACAACG	320
TAGGTC	319
CTCCTA	319
CGTCTC	319
CGTAAA	319
GCACGG	318
CCTGGA	317
CCATTT	316
CAACAC	316
ATTTTT	316
CATCAA	315
CAGTAC	315
CCGTCT	314
AGCACA	314
CTTGNN	313
AGTCCC	310
GTTGTT	309
CTCCAA	309
CCTTCT	309
CACTTT	309
AGACGT	309
CCGGTA	307
GTCGTG	306
CTCACT	306
CTACAA	306
CCCAGT	306
CTCTCC	305
AACACT	304
GTCGAA	302
GCACGT	301
CTCTCA	301
AATAAC	300
CGCCAG	298
TTCGCA	297
TCGACC	297
CTTATT	297
ACCCCA	297
AAATAC	296
AAAGCA	295
TCAGCT	294
GTCTAC	293
ATCGCA	293
GTCGGG	292
ACCTTT	292
TTCGTG	289
TCCGGT	289
AAACCC	289
AAACAG	289
AGCTCA	288
GAGACT	287
CACTCG	287
AGGGCA	287
TTGTAG	286
CTTGGC	286
ACACCG	286
CTAGCC	285
TGATGT	284
CTAACC	284
AGACCG	284
ACGAAT	284
CTATAA	283
CTCTTC	282
AACCAC	282
GTCGCG	281
CGGTAA	281
CAGGAC	281
TTGGTC	280
GAAAAG	280
CTCCCT	280
AAGATT	280
GTAGCG	279
GGATGT	279
GACTGG	279
GACAGT	279
CCAAGG	279
TAGCTC	278
GCGTGG	278
CGCTGG	277
CCGAGC	277
CCCAAT	277
CATCAC	275
TCAGGT	274
GTAAAA	274
GCACAT	274
CCCTTG	274
CCGGAT	273
CACCTC	273
CCTTTG	272
ATTGTG	272
ATATAA	272
GTCGCA	271
CGTTTT	271
AGATCG	270
GCAGCT	269
AGCCGT	269
CATAAA	268
ACATCA	268
TAGTCA	267
TAATCC	266
CTCACC	266
AGAAAG	266
ACACCC	266
CTCCCC	265
CAAACA	264
TAGTAA	263
GCACCG	263
TAGTCT	262
GACAGC	261
CAGTAT	261
TACAGT	260
CTGATT	260
AAGTGT	260
TTGTGG	259
TAGCAC	259
GTCGTT	259
AGTCCT	259
CGATGG	258
AGATAC	258
ACGCAC	258
TATGTA	257
CTAAGC	257
ACATAC	257
CACTAT	256
CACACG	256
AGCGAA	256
ACAAGC	255
GGAAAA	254
TTTTGA	253
CACATA	253
CGCCCT	252
GCGAGC	251
CATAAC	251
CCCCGT	250
ATTGGT	250
GCGAGT	249
ACGCAT	249
GTCGCT	248
CTAAGT	247
GGATAT	246
CAGACG	246
NNNNNA	245
GTAGGT	245
GAGTGT	245
CTTCAC	245
CTCTTG	245
GCAAAG	244
AGGCCT	244
ACGTGT	244
AGGGAA	243
AAACTC	242
CTATCA	241
CAACTC	241
TTGGAA	240
GACAGG	240
GCCTAG	239
CACAGG	239
GCCCAT	238
CCAGAA	238
GCGACC	236
CCCTGC	236
ATTGAT	236
ACGACC	236
GACACG	235
AAGTAT	235
CAATGC	234
AAATAG	233
CTGGGT	232
AGGGTA	232
TTAGGT	231
TGCTAT	231
GTAGTT	231
AGTGGA	230
AACCAT	230
TCATGC	229
GCGAGG	229
CTTGAG	229
ACTGAA	229
AAAGAT	229
GTCTCT	228
CCCGCG	228
CAAGCA	226
ATTTAT	225
TGCTGT	224
TACTCC	224
TCCAAT	223
GTTGTC	223
CTTTAC	223
CCTGCA	222
ACTCGT	222
ACGTCT	222
TTTGCT	220
TTCTAT	219
ACCGCT	219
GCCAGC	218
CTCTAA	218
CTAACA	218
CCAGGT	218
ATTCAT	218
AGCTCG	218
TCGACT	217
CTAATT	217
ATATAT	217
AAGGCA	217
GTCGGA	216
CAGTAA	215
AGGAAT	215
GCACAG	214
GACTCG	214
CGACAC	214
CAAGAC	213
ACAGCA	213
ACACGG	213
TTAGGA	212
TAGTCC	211
GGATGG	211
AGAACT	211
CTCTGA	210
CGTATC	210
CGCCAC	210
GTATGT	209
ATAACA	209
TTTGGT	208
CTCCAT	208
CCCATC	208
TCCTGC	207
CACTGC	207
ACACCA	207
ATATCT	206
AACTGT	206
GTATCT	205
AGCTAG	205
ACCACG	205
TAAAAA	204
CTAGAG	204
CACATT	204
ACAGCT	204
NNTCNN	203
CCATCC	203
CATATT	203
CAAGGG	203
TGATCT	202
GAGACG	202
AGTATA	202
AAGGTA	202
TTCGGT	201
GTCTGT	201
CACAAT	201
GAAGGG	200
CATTTC	200
TGCTCT	199
CTCACG	199
CTAAAC	199
CTAAGG	198
CGCGTA	198
ATCTCT	198
ACAGGT	198
TCAACG	197
CCCACG	197
AAAGCT	197
CTACAT	196
CAGGGT	196
GGACAT	195
CTCGGC	195
CAAGGA	195
ACTTGA	195
TTATAA	194
CAGTGG	194
AGTACC	194
TCCCCC	193
CTAGGC	193
CGTAAC	193
CCCGGG	193
ATTGAC	193
ACCGCA	193
TTGTTG	192
CCACCT	192
TTAAAA	191
GTCGTC	191
GTCACA	191
ACCAAC	191
GGCTGT	190
GCGTCT	190
CCTTGG	190
CCGTTC	190
CCGAGT	190
GCAGAT	189
CTTCGA	189
CCCCCG	189
TAAATT	188
GCAAAC	188
GAAATC	188
CTAACG	188
TTTAAT	187
TCGAGT	187
GTCGGT	187
GAATCC	187
CCAACC	187
AGCTGG	187
GTAATA	186
CCCCAA	185
CAAGTG	185
TAAACG	184
ATAGTT	184
ATAGTG	184
AGTGAC	184
ACCGGT	184
GCCCAC	183
ACCCGG	183
TGTCAT	182
TACAGC	182
CCTCAA	182
CCAGCT	182
CCAGAC	182
AGACGG	182
TCCCGT	181
GCCAAT	181
CCCGGA	181
TAGTGC	180
GCCCAG	180
CTCAGT	180
CCTGAA	180
CTCGAG	179
TTTTCT	178
TCGATC	178
GGATCT	178
GCCCCC	178
ACATGC	178
AATATA	178
